,target_num,prod_num,similarity
0,4381,4381,1.0000004768371582
1,4381,4425,0.8086791634559631
2,4381,4333,0.7611715793609619
3,4381,4507,0.734758734703064
4,4381,1386,0.7290818095207214
5,4381,458,0.7285416126251221
6,4381,4313,0.725656270980835
7,4381,718,0.7235050797462463
8,4381,4437,0.723496675491333
9,4381,4427,0.7182771563529968
10,4381,291,0.7180511355400085
11,4381,4415,0.7180050611495972
12,4381,4354,0.7113144397735596
13,4381,605,0.708236038684845
14,4381,4442,0.707877516746521
15,4381,632,0.6933866143226624
16,4381,4465,0.6933517456054688
17,4381,4445,0.6888938546180725
18,4381,555,0.6874695420265198
19,4381,456,0.6871808767318726
20,4381,4305,0.6867846250534058
21,4381,2496,0.6854719519615173
22,4381,6335,0.684233546257019
23,4381,122,0.6819127798080444
24,4381,4432,0.6771692633628845
25,4381,4497,0.676304817199707
26,4381,272,0.6761917471885681
27,4381,4298,0.6742256283760071
28,4381,4351,0.6735836267471313
29,4381,325,0.6731790900230408
30,4381,4310,0.671562671661377
31,4381,4417,0.6714884638786316
32,4381,274,0.6700794100761414
33,4381,6261,0.6698315143585205
34,4381,6250,0.6683261394500732
35,4381,4443,0.6673712730407715
36,4381,127,0.6666226387023926
37,4381,6306,0.666263222694397
38,4381,4498,0.6646552681922913
39,4381,454,0.6639385223388672
40,4381,4382,0.6635581254959106
41,4381,149,0.6631007194519043
42,4381,6245,0.6615442037582397
43,4381,5723,0.6612457036972046
44,4381,1989,0.660784125328064
45,4381,2481,0.6596699953079224
46,4381,2254,0.6592075228691101
47,4381,4669,0.6591085195541382
48,4381,354,0.6591008305549622
49,4381,2983,0.6578376889228821
50,4381,739,0.6578007936477661
51,4381,861,0.657564103603363
52,4381,137,0.6574490666389465
53,4381,47,0.6562761068344116
54,4381,4429,0.6559334993362427
55,4381,171,0.6553005576133728
56,4381,3133,0.655136227607727
57,4381,4482,0.6543684601783752
58,4381,6279,0.6522217988967896
59,4381,4362,0.6518024802207947
60,4381,520,0.6512359380722046
61,4381,2450,0.6507718563079834
62,4381,808,0.6500619649887085
63,4381,6276,0.6495948433876038
64,4381,884,0.64955073595047
65,4381,4369,0.6492560505867004
66,4381,2184,0.6489521265029907
67,4381,2356,0.647975742816925
68,4381,4291,0.6477822065353394
69,4381,4349,0.6472744345664978
70,4381,4343,0.6472496390342712
71,4381,6106,0.6464447379112244
72,4381,449,0.6460495591163635
73,4381,5619,0.6459062099456787
74,4381,832,0.6456820368766785
75,4381,44,0.645667314529419
76,4381,4361,0.6452970504760742
77,4381,45,0.644963800907135
78,4381,602,0.6436050534248352
79,4381,294,0.6427153944969177
80,4381,169,0.6426775455474854
81,4381,4325,0.6417969465255737
82,4381,4916,0.6414824724197388
83,4381,4678,0.6414028406143188
84,4381,4494,0.6407631635665894
85,4381,98,0.6402837038040161
86,4381,2012,0.6402269601821899
87,4381,2476,0.6401188969612122
88,4381,2458,0.639845073223114
89,4381,160,0.639731764793396
90,4381,140,0.6391916871070862
91,4381,293,0.6387778520584106
92,4381,1645,0.6383927464485168
93,4381,167,0.6379967331886292
94,4381,173,0.6376898288726807
95,4381,6183,0.6361421942710876
96,4381,5527,0.6355088353157043
97,4381,360,0.6343836188316345
98,4381,4110,0.6332247853279114
99,4381,4031,0.6331043243408203
100,4381,4390,0.6330889463424683
101,4381,455,0.6321535706520081
102,4381,371,0.6321437954902649
103,4381,395,0.631296694278717
104,4381,4287,0.6309030652046204
105,4381,6377,0.6302796006202698
106,4381,4293,0.6294355988502502
107,4381,830,0.6293755769729614
108,4381,539,0.6291907429695129
109,4381,4318,0.6287564039230347
110,4381,205,0.6287014484405518
111,4381,5835,0.6275201439857483
112,4381,4392,0.6273221373558044
113,4381,2399,0.6271959543228149
114,4381,0,0.6271427869796753
115,4381,409,0.6271214485168457
116,4381,3994,0.6269310116767883
117,4381,4300,0.6266398429870605
118,4381,5998,0.6266109943389893
119,4381,5847,0.6264506578445435
120,4381,4684,0.625809371471405
121,4381,839,0.6255948543548584
122,4381,249,0.6248114109039307
123,4381,387,0.624646782875061
124,4381,1751,0.6243131756782532
125,4381,5863,0.6239323616027832
126,4381,186,0.6237448453903198
127,4381,5720,0.6229568719863892
128,4381,1615,0.6229411363601685
129,4381,532,0.6226569414138794
130,4381,2379,0.6225748062133789
131,4381,1839,0.6224910616874695
132,4381,4468,0.6223834156990051
133,4381,4119,0.6220556497573853
134,4381,4076,0.6219327449798584
135,4381,3787,0.6218504309654236
136,4381,1980,0.6217839121818542
137,4381,4379,0.6213825941085815
138,4381,4393,0.6208438873291016
139,4381,4296,0.6207972168922424
140,4381,372,0.6200720071792603
141,4381,5990,0.619327187538147
142,4381,6319,0.6189292073249817
143,4381,866,0.6184073686599731
144,4381,1102,0.618352472782135
145,4381,823,0.6183294653892517
146,4381,4346,0.6182850003242493
147,4381,1400,0.6181114315986633
148,4381,89,0.6177964806556702
149,4381,807,0.6172456741333008
150,4381,4378,0.6170112490653992
151,4381,7,0.6167166829109192
152,4381,903,0.6164929270744324
153,4381,1573,0.6161251068115234
154,4381,6412,0.6160231232643127
155,4381,327,0.6158564686775208
156,4381,151,0.615494430065155
157,4381,996,0.6153098940849304
158,4381,4655,0.6150282025337219
159,4381,93,0.6143496036529541
160,4381,633,0.6139097809791565
161,4381,4565,0.6131027340888977
162,4381,6315,0.6129592657089233
163,4381,2420,0.612629234790802
164,4381,824,0.6123533844947815
165,4381,6255,0.6116694211959839
166,4381,2200,0.6112185716629028
167,4381,1050,0.6108604669570923
168,4381,865,0.610666036605835
169,4381,2329,0.6105003356933594
170,4381,6135,0.6101212501525879
171,4381,531,0.6099313497543335
172,4381,6052,0.6099240779876709
173,4381,4383,0.609130859375
174,4381,4743,0.609070360660553
175,4381,6213,0.6085201501846313
176,4381,2292,0.6079863905906677
177,4381,4757,0.6079341769218445
178,4381,4423,0.6076733469963074
179,4381,2489,0.6076377034187317
180,4381,469,0.607512891292572
181,4381,4674,0.6073606610298157
182,4381,376,0.607300341129303
183,4381,4204,0.6071966290473938
184,4381,229,0.6071159243583679
185,4381,4583,0.6067970395088196
186,4381,728,0.6065137386322021
187,4381,4914,0.606479823589325
188,4381,6128,0.6063939332962036
189,4381,5730,0.6061751842498779
190,4381,4329,0.6061499714851379
191,4381,1216,0.6059811115264893
192,4381,2433,0.6059704422950745
193,4381,542,0.6059592962265015
194,4381,2261,0.6058374643325806
195,4381,4582,0.6057481169700623
196,4381,582,0.605539083480835
197,4381,4926,0.6054560542106628
198,4381,2203,0.6054045557975769
199,4381,2357,0.6049527525901794
200,4381,4084,0.6046201586723328
201,4381,4609,0.6044104695320129
202,4381,193,0.6042075157165527
203,4381,1901,0.6040129661560059
204,4381,6390,0.6039380431175232
205,4381,338,0.6037812829017639
206,4381,322,0.6037498712539673
207,4381,6009,0.6026008129119873
208,4381,1638,0.6024815440177917
209,4381,6396,0.6023499369621277
210,4381,2205,0.6021073460578918
211,4381,1443,0.6018342971801758
212,4381,406,0.6014332175254822
213,4381,4890,0.6010814905166626
214,4381,321,0.6010257601737976
215,4381,92,0.6009783744812012
216,4381,478,0.6007261872291565
217,4381,2279,0.6005539894104004
218,4381,6264,0.6003108024597168
219,4381,4542,0.6001390218734741
220,4381,2173,0.5999385714530945
221,4381,1487,0.5992714762687683
222,4381,5941,0.5990211963653564
223,4381,4097,0.5988617539405823
224,4381,5599,0.598802387714386
225,4381,4391,0.5984704494476318
226,4381,4481,0.5984349250793457
227,4381,566,0.598237156867981
228,4381,2183,0.598087728023529
229,4381,2512,0.5980826616287231
230,4381,515,0.5978664755821228
231,4381,2468,0.5977902412414551
232,4381,2445,0.597412645816803
233,4381,4420,0.5968913435935974
234,4381,76,0.5968139171600342
235,4381,4270,0.5966741442680359
236,4381,3309,0.5965769290924072
237,4381,2444,0.5958160161972046
238,4381,4290,0.595629096031189
239,4381,5541,0.595544159412384
240,4381,6228,0.5953266024589539
241,4381,4359,0.5953174829483032
242,4381,5853,0.5952401161193848
243,4381,426,0.5949127078056335
244,4381,817,0.5947937369346619
245,4381,2506,0.5946230888366699
246,4381,6072,0.594539999961853
247,4381,579,0.5942968130111694
248,4381,85,0.5942655205726624
249,4381,4932,0.5939512848854065
250,4381,4304,0.5938454866409302
251,4381,2236,0.5938347578048706
252,4381,2009,0.5936994552612305
253,4381,6114,0.5934804081916809
254,4381,5542,0.5933552384376526
255,4381,3572,0.5931785702705383
256,4381,4299,0.5930811166763306
257,4381,4326,0.5923064351081848
258,4381,120,0.5921244025230408
259,4381,6368,0.5919768214225769
260,4381,2447,0.5918253660202026
261,4381,6323,0.5916282534599304
262,4381,6348,0.5916087031364441
263,4381,4094,0.5914799571037292
264,4381,6290,0.591102123260498
265,4381,439,0.5909225344657898
266,4381,2533,0.5906657576560974
267,4381,619,0.590512752532959
268,4381,1892,0.590339720249176
269,4381,4116,0.5902748107910156
270,4381,4087,0.5902333855628967
271,4381,375,0.5898781418800354
272,4381,2314,0.5897717475891113
273,4381,2457,0.5891813039779663
274,4381,3752,0.5891256928443909
275,4381,365,0.5884702205657959
276,4381,4367,0.5883959531784058
277,4381,4061,0.588008463382721
278,4381,1209,0.5879688262939453
279,4381,6036,0.5879500508308411
280,4381,1599,0.5874253511428833
281,4381,131,0.5872142910957336
282,4381,5752,0.5868198871612549
283,4381,2466,0.5866860747337341
284,4381,2451,0.586311936378479
285,4381,4695,0.586259663105011
286,4381,4508,0.5855757594108582
287,4381,2485,0.585430920124054
288,4381,1822,0.5851039886474609
289,4381,384,0.5850451588630676
290,4381,6365,0.5847495794296265
291,4381,2410,0.5847376585006714
292,4381,2312,0.5847376585006714
293,4381,2867,0.5846948623657227
294,4381,6032,0.5845467448234558
295,4381,4553,0.5845052599906921
296,4381,1319,0.5844857692718506
297,4381,1442,0.5837720632553101
298,4381,2060,0.5837584137916565
299,4381,3593,0.5831230878829956
300,4381,598,0.5830560326576233
301,4381,577,0.582892656326294
302,4381,3536,0.5828056931495667
303,4381,1440,0.5824046730995178
304,4381,1616,0.5821710824966431
305,4381,930,0.5820920467376709
306,4381,6366,0.581998884677887
307,4381,4269,0.5817288160324097
308,4381,4380,0.5817042589187622
309,4381,5901,0.5816851854324341
310,4381,5798,0.581640899181366
311,4381,6270,0.5815544724464417
312,4381,84,0.5814903378486633
313,4381,2402,0.5814303755760193
314,4381,4487,0.5813310742378235
315,4381,5544,0.5813179016113281
316,4381,6416,0.5812697410583496
317,4381,2296,0.5812333226203918
318,4381,4919,0.5811523795127869
319,4381,2441,0.5810649991035461
320,4381,576,0.5810251832008362
321,4381,2023,0.581013023853302
322,4381,1507,0.5806356072425842
323,4381,4467,0.5800773501396179
324,4381,2504,0.5798599720001221
325,4381,2931,0.579410195350647
326,4381,450,0.579089879989624
327,4381,2482,0.5788823962211609
328,4381,6257,0.5788783431053162
329,4381,2520,0.5787657499313354
330,4381,4114,0.5785210132598877
331,4381,473,0.5785026550292969
332,4381,284,0.5781676769256592
333,4381,363,0.578162431716919
334,4381,1940,0.57776939868927
335,4381,805,0.5777309536933899
336,4381,2229,0.5774587988853455
337,4381,3597,0.5772528052330017
338,4381,407,0.5772469639778137
339,4381,2185,0.5770899653434753
340,4381,6023,0.5769932866096497
341,4381,2534,0.5766998529434204
342,4381,246,0.5764486789703369
343,4381,2517,0.5763878226280212
344,4381,258,0.5761995911598206
345,4381,6413,0.5760332345962524
346,4381,2322,0.575964093208313
347,4381,5661,0.5759187936782837
348,4381,5077,0.5759113430976868
349,4381,5671,0.575384259223938
350,4381,6405,0.5751712322235107
351,4381,1103,0.5751569271087646
352,4381,2394,0.5747320652008057
353,4381,496,0.574521005153656
354,4381,5086,0.5743128061294556
355,4381,1730,0.5742179751396179
356,4381,287,0.5741452574729919
357,4381,4446,0.5741234421730042
358,4381,1279,0.5740708112716675
359,4381,560,0.5738340616226196
360,4381,845,0.5737268328666687
361,4381,853,0.5736669301986694
362,4381,4428,0.5736624598503113
363,4381,2454,0.5736293196678162
364,4381,155,0.5733141303062439
365,4381,457,0.5730710625648499
366,4381,1970,0.5728798508644104
367,4381,5722,0.5727480053901672
368,4381,6063,0.572376549243927
369,4381,1949,0.5723432302474976
370,4381,4929,0.571819007396698
371,4381,2257,0.5716701745986938
372,4381,2477,0.5716587901115417
373,4381,1853,0.5716587901115417
374,4381,694,0.5715829730033875
375,4381,2443,0.5713379979133606
376,4381,1245,0.5712242126464844
377,4381,6000,0.5711046457290649
378,4381,514,0.5710216760635376
379,4381,273,0.570966899394989
380,4381,2195,0.5708978176116943
381,4381,4289,0.5707855224609375
382,4381,5696,0.5707753896713257
383,4381,5822,0.5704680681228638
384,4381,2404,0.5704360604286194
385,4381,4341,0.5702630877494812
386,4381,1909,0.570246160030365
387,4381,6168,0.5702337622642517
388,4381,4360,0.5700415372848511
389,4381,702,0.5695464611053467
390,4381,1564,0.5695233345031738
391,4381,1140,0.5693531632423401
392,4381,1800,0.5693500638008118
393,4381,3775,0.5693492889404297
394,4381,6081,0.5692050457000732
395,4381,4506,0.5688868165016174
396,4381,574,0.5685637593269348
397,4381,6190,0.5684729218482971
398,4381,366,0.5682632923126221
399,4381,6277,0.5680416226387024
400,4381,4411,0.5680027008056641
401,4381,5533,0.5679578185081482
402,4381,5963,0.5678853988647461
403,4381,571,0.5675030946731567
404,4381,1673,0.5674981474876404
405,4381,396,0.5670683979988098
406,4381,874,0.5669407248497009
407,4381,1244,0.5668969750404358
408,4381,27,0.5666645765304565
409,4381,2151,0.5663487911224365
410,4381,374,0.5662152767181396
411,4381,4840,0.5660105347633362
412,4381,6283,0.5656412243843079
413,4381,2253,0.5656095147132874
414,4381,2914,0.5656017065048218
415,4381,4598,0.5653901696205139
416,4381,4920,0.5650709867477417
417,4381,1329,0.5649322867393494
418,4381,136,0.5648886561393738
419,4381,1894,0.5648496150970459
420,4381,1743,0.564775288105011
421,4381,806,0.5647225379943848
422,4381,4905,0.5646745562553406
423,4381,431,0.5646421909332275
424,4381,749,0.5645464062690735
425,4381,4647,0.5643224716186523
426,4381,5912,0.5641754269599915
427,4381,1243,0.5641048550605774
428,4381,4987,0.5640026330947876
429,4381,3977,0.5637310147285461
430,4381,4600,0.5637104511260986
431,4381,311,0.5633609294891357
432,4381,328,0.5632568001747131
433,4381,4924,0.5632495880126953
434,4381,5066,0.5632383823394775
435,4381,4459,0.5629715919494629
436,4381,331,0.5629363059997559
437,4381,6401,0.5627610087394714
438,4381,4294,0.5627214908599854
439,4381,6179,0.561934769153595
440,4381,2530,0.5618584156036377
441,4381,2515,0.561782717704773
442,4381,552,0.5617376565933228
443,4381,161,0.5614848136901855
444,4381,1008,0.5612452030181885
445,4381,184,0.5612245798110962
446,4381,1541,0.5610626935958862
447,4381,6192,0.5608634352684021
448,4381,61,0.5606998801231384
449,4381,5855,0.5606867671012878
450,4381,6296,0.5604363679885864
451,4381,436,0.5603863596916199
452,4381,5839,0.5602730512619019
453,4381,6273,0.5598267316818237
454,4381,108,0.5597026348114014
455,4381,618,0.5596196055412292
456,4381,541,0.559512197971344
457,4381,725,0.5590880513191223
458,4381,231,0.5588949918746948
459,4381,791,0.5588515400886536
460,4381,2799,0.558732271194458
461,4381,1953,0.558546781539917
462,4381,4098,0.5585335493087769
463,4381,5553,0.5583731532096863
464,4381,2467,0.558269739151001
465,4381,6214,0.5581893920898438
466,4381,4585,0.55806964635849
467,4381,4109,0.5579760074615479
468,4381,6210,0.5579574108123779
469,4381,2895,0.5577201843261719
470,4381,4863,0.5576497316360474
471,4381,4874,0.5575283765792847
472,4381,6301,0.5572986006736755
473,4381,5646,0.5572452545166016
474,4381,6356,0.5569376349449158
475,4381,174,0.5568950772285461
476,4381,607,0.5567112565040588
477,4381,125,0.5565706491470337
478,4381,561,0.5563967227935791
479,4381,5138,0.5563685297966003
480,4381,6256,0.5562149882316589
481,4381,4321,0.5555974245071411
482,4381,715,0.5555910468101501
483,4381,795,0.5554075241088867
484,4381,1837,0.5553370118141174
485,4381,5284,0.5551121830940247
486,4381,6289,0.554741621017456
487,4381,2395,0.5547303557395935
488,4381,1942,0.5546616315841675
489,4381,172,0.5546145439147949
490,4381,1481,0.5546131730079651
491,4381,383,0.5545329451560974
492,4381,6181,0.5544158816337585
493,4381,4179,0.5540861487388611
494,4381,1404,0.5540732145309448
495,4381,5725,0.5540058612823486
496,4381,6389,0.5538226366043091
497,4381,2232,0.5536608099937439
498,4381,1815,0.5536286234855652
499,4381,1438,0.5535845756530762
500,4381,1979,0.5535121560096741
501,4381,4566,0.5531439781188965
502,4381,5293,0.5531238913536072
503,4381,5911,0.5529561638832092
504,4381,4456,0.5523472428321838
505,4381,6321,0.552180826663971
506,4381,6336,0.5520014762878418
507,4381,438,0.551895260810852
508,4381,5543,0.5517182946205139
509,4381,631,0.5517000555992126
510,4381,5721,0.5516530871391296
511,4381,5962,0.5514714121818542
512,4381,812,0.5513154864311218
513,4381,796,0.5512486100196838
514,4381,2214,0.551235020160675
515,4381,1994,0.5511102080345154
516,4381,4902,0.5508384108543396
517,4381,5260,0.5507810711860657
518,4381,4059,0.5507501363754272
519,4381,3521,0.5506885647773743
520,4381,2125,0.550625205039978
521,4381,1230,0.550510048866272
522,4381,1104,0.5504995584487915
523,4381,6054,0.5504295825958252
524,4381,87,0.5502763390541077
525,4381,204,0.5502382516860962
526,4381,64,0.5502274036407471
527,4381,2401,0.5502148866653442
528,4381,3583,0.5501256585121155
529,4381,2787,0.5501249432563782
530,4381,2501,0.549841582775116
531,4381,6066,0.5497116446495056
532,4381,5950,0.5495048761367798
533,4381,4792,0.5494896173477173
534,4381,820,0.5493348836898804
535,4381,5509,0.5491968393325806
536,4381,4418,0.5486809015274048
537,4381,4112,0.5483956336975098
538,4381,2305,0.5482841730117798
539,4381,2499,0.5481889843940735
540,4381,200,0.5481838583946228
541,4381,2859,0.5481459498405457
542,4381,2608,0.5481326580047607
543,4381,5030,0.5479863882064819
544,4381,838,0.5479608774185181
545,4381,414,0.5479196310043335
546,4381,6341,0.547775149345398
547,4381,771,0.5472769737243652
548,4381,2713,0.5471630692481995
549,4381,1724,0.5468679070472717
550,4381,6226,0.5466979742050171
551,4381,2079,0.546252429485321
552,4381,835,0.5461778044700623
553,4381,2204,0.5461509823799133
554,4381,2998,0.5459803938865662
555,4381,6339,0.5459115505218506
556,4381,1862,0.5458691120147705
557,4381,4628,0.5458471179008484
558,4381,535,0.5456143617630005
559,4381,1457,0.5456050038337708
560,4381,642,0.5452890396118164
561,4381,2942,0.5452061891555786
562,4381,3857,0.5451293587684631
563,4381,2424,0.5449874401092529
564,4381,3836,0.5449606776237488
565,4381,159,0.5447626113891602
566,4381,192,0.544666051864624
567,4381,2777,0.5445594191551208
568,4381,782,0.5444942116737366
569,4381,3834,0.5444115400314331
570,4381,2561,0.5444014072418213
571,4381,559,0.5443754196166992
572,4381,4662,0.5443023443222046
573,4381,1937,0.5442853569984436
574,4381,3625,0.5441188812255859
575,4381,1285,0.5440613031387329
576,4381,453,0.5437460541725159
577,4381,6033,0.5435904860496521
578,4381,6410,0.5435804724693298
579,4381,4049,0.5435521602630615
580,4381,466,0.5434792637825012
581,4381,486,0.5432737469673157
582,4381,2277,0.5431216359138489
583,4381,3466,0.543060302734375
584,4381,1799,0.5429258942604065
585,4381,565,0.542887270450592
586,4381,152,0.5427296161651611
587,4381,4400,0.5426215529441833
588,4381,1119,0.542564868927002
589,4381,1145,0.5424807071685791
590,4381,699,0.5423179268836975
591,4381,2246,0.542227029800415
592,4381,381,0.5421425104141235
593,4381,1501,0.5420987606048584
594,4381,1834,0.5419607758522034
595,4381,5875,0.5418811440467834
596,4381,6350,0.5416994690895081
597,4381,4047,0.5416936278343201
598,4381,4449,0.5415851473808289
599,4381,2337,0.5415328145027161
600,4381,1168,0.5414676666259766
601,4381,4454,0.5414084196090698
602,4381,4334,0.5412749648094177
603,4381,444,0.5408941507339478
604,4381,1647,0.5407973527908325
605,4381,4912,0.5407738089561462
606,4381,4950,0.5407493114471436
607,4381,3520,0.540708065032959
608,4381,696,0.5406903624534607
609,4381,829,0.5406593084335327
610,4381,489,0.5403908491134644
611,4381,116,0.5402401685714722
612,4381,6049,0.540169358253479
613,4381,2133,0.5400986671447754
614,4381,790,0.5400567650794983
615,4381,2890,0.5399140119552612
616,4381,4044,0.5398949384689331
617,4381,2419,0.5398511290550232
618,4381,1,0.5398225784301758
619,4381,2136,0.5395703911781311
620,4381,1879,0.5395703911781311
621,4381,534,0.539447546005249
622,4381,1559,0.5393326282501221
623,4381,1804,0.5393277406692505
624,4381,4413,0.5392827987670898
625,4381,5854,0.5391754508018494
626,4381,264,0.539072573184967
627,4381,2007,0.5389633178710938
628,4381,5874,0.5388351678848267
629,4381,326,0.5388134121894836
630,4381,6188,0.5387982130050659
631,4381,1193,0.5387763977050781
632,4381,1231,0.5387763977050781
633,4381,1741,0.5387231111526489
634,4381,2163,0.5386397838592529
635,4381,2418,0.5386287569999695
636,4381,5996,0.5384677648544312
637,4381,6325,0.5384408235549927
638,4381,4543,0.5383557081222534
639,4381,6259,0.5382823944091797
640,4381,4897,0.5382688045501709
641,4381,1576,0.5381760597229004
642,4381,2923,0.5381669998168945
643,4381,591,0.5381057262420654
644,4381,1115,0.5379727482795715
645,4381,5903,0.5375903248786926
646,4381,4787,0.5375671982765198
647,4381,6398,0.5373457670211792
648,4381,1480,0.5372758507728577
649,4381,1621,0.5370805263519287
650,4381,2270,0.5370217561721802
651,4381,5781,0.5369886159896851
652,4381,6113,0.5369669198989868
653,4381,1737,0.5369648337364197
654,4381,5004,0.5366311073303223
655,4381,1444,0.5365899801254272
656,4381,2391,0.5365450978279114
657,4381,1348,0.5362779498100281
658,4381,647,0.5360823273658752
659,4381,5115,0.5360803008079529
660,4381,3135,0.5359642505645752
661,4381,2332,0.535904586315155
662,4381,3567,0.5358882546424866
663,4381,6212,0.5357668995857239
664,4381,296,0.5356800556182861
665,4381,5236,0.5355508327484131
666,4381,5531,0.5355055928230286
667,4381,1740,0.5355029106140137
668,4381,1960,0.5348986387252808
669,4381,4117,0.534845232963562
670,4381,4457,0.5348052978515625
671,4381,3683,0.5347164869308472
672,4381,107,0.5346184372901917
673,4381,1058,0.5345192551612854
674,4381,1662,0.5345051288604736
675,4381,3932,0.5343754291534424
676,4381,4229,0.5343623757362366
677,4381,4424,0.5342885255813599
678,4381,4859,0.5342556834220886
679,4381,6269,0.5341622233390808
680,4381,4638,0.5339914560317993
681,4381,6313,0.5338846445083618
682,4381,4915,0.5335984230041504
683,4381,1620,0.5335748195648193
684,4381,1868,0.5335339903831482
685,4381,6013,0.5334844589233398
686,4381,19,0.5334238409996033
687,4381,1537,0.5333174467086792
688,4381,5120,0.5330685377120972
689,4381,5766,0.5329232811927795
690,4381,4402,0.5328399538993835
691,4381,6402,0.5325424075126648
692,4381,2341,0.5323522090911865
693,4381,4399,0.5322460532188416
694,4381,2299,0.5322142243385315
695,4381,2367,0.5321046113967896
696,4381,2026,0.5320196747779846
697,4381,2188,0.5319837331771851
698,4381,2303,0.5319473147392273
699,4381,4499,0.531898021697998
700,4381,1965,0.5317487716674805
701,4381,4441,0.5317056179046631
702,4381,2336,0.5316250324249268
703,4381,446,0.5315273404121399
704,4381,4477,0.5314974784851074
705,4381,6026,0.531444787979126
706,4381,1172,0.531379759311676
707,4381,1536,0.5313407778739929
708,4381,53,0.5313138961791992
709,4381,400,0.5312997698783875
710,4381,849,0.5311505794525146
711,4381,5836,0.5310841798782349
712,4381,6330,0.5310691595077515
713,4381,4085,0.5310166478157043
714,4381,4686,0.5309191346168518
715,4381,1344,0.5308815836906433
716,4381,189,0.530799150466919
717,4381,5593,0.5307959318161011
718,4381,4528,0.5307759046554565
719,4381,1207,0.5307691097259521
720,4381,378,0.5307579040527344
721,4381,1604,0.5305628776550293
722,4381,4337,0.5304660201072693
723,4381,4096,0.5304626822471619
724,4381,5519,0.5304598212242126
725,4381,6298,0.530403733253479
726,4381,3510,0.5303799510002136
727,4381,2148,0.5303018093109131
728,4381,4495,0.5300765633583069
729,4381,6253,0.530007541179657
730,4381,1549,0.5296891331672668
731,4381,2916,0.5295403599739075
732,4381,2374,0.5294982194900513
733,4381,5693,0.5294522643089294
734,4381,4377,0.5293124318122864
735,4381,2058,0.529227077960968
736,4381,4095,0.5291439890861511
737,4381,1646,0.5288753509521484
738,4381,5621,0.5288339853286743
739,4381,1725,0.5288094878196716
740,4381,5377,0.528654932975769
741,4381,2264,0.5286020040512085
742,4381,5858,0.528512716293335
743,4381,144,0.528436005115509
744,4381,2918,0.5283063054084778
745,4381,4358,0.5282347202301025
746,4381,3472,0.5282322764396667
747,4381,31,0.5281996130943298
748,4381,2074,0.5281891822814941
749,4381,1854,0.5280975103378296
750,4381,2,0.5279961824417114
751,4381,1197,0.5278536677360535
752,4381,5354,0.5278258323669434
753,4381,4592,0.5276457071304321
754,4381,2483,0.527601420879364
755,4381,2463,0.5276006460189819
756,4381,117,0.5275931358337402
757,4381,6360,0.527459442615509
758,4381,1845,0.5274330377578735
759,4381,1874,0.527395486831665
760,4381,726,0.5273545980453491
761,4381,4404,0.5272896885871887
762,4381,2323,0.5272156596183777
763,4381,5902,0.5271748304367065
764,4381,4501,0.527157723903656
765,4381,4708,0.5271406173706055
766,4381,6248,0.527129054069519
767,4381,4545,0.5269583463668823
768,4381,3549,0.5267862677574158
769,4381,1809,0.5267773270606995
770,4381,3138,0.5267504453659058
771,4381,4883,0.5266305208206177
772,4381,1998,0.5266265273094177
773,4381,746,0.5265577435493469
774,4381,6185,0.5265380144119263
775,4381,1748,0.5263767242431641
776,4381,1384,0.5261365175247192
777,4381,4608,0.5261339545249939
778,4381,608,0.5261269211769104
779,4381,3669,0.5261169075965881
780,4381,2396,0.5260064601898193
781,4381,4364,0.5259302258491516
782,4381,3873,0.5258501172065735
783,4381,4663,0.5257882475852966
784,4381,4088,0.5257517099380493
785,4381,3558,0.525739848613739
786,4381,1378,0.5256057977676392
787,4381,2711,0.525472104549408
788,4381,4839,0.5254042148590088
789,4381,1723,0.5251992344856262
790,4381,2082,0.5249080061912537
791,4381,2228,0.5249080061912537
792,4381,2050,0.5247130990028381
793,4381,1897,0.5247130990028381
794,4381,2354,0.5246405005455017
795,4381,2061,0.5244443416595459
796,4381,4435,0.5243334770202637
797,4381,1545,0.524199903011322
798,4381,894,0.5241795182228088
799,4381,4590,0.5239366888999939
800,4381,6370,0.5239331722259521
801,4381,2310,0.5239151120185852
802,4381,4453,0.5238640308380127
803,4381,2429,0.5238467454910278
804,4381,1192,0.5236901044845581
805,4381,745,0.5236638188362122
806,4381,2045,0.5236040353775024
807,4381,5578,0.5235685110092163
808,4381,4419,0.5234872698783875
809,4381,5620,0.5234605073928833
810,4381,2514,0.5231618881225586
811,4381,275,0.523118793964386
812,4381,1117,0.5231073498725891
813,4381,5522,0.5231001973152161
814,4381,4636,0.523061215877533
815,4381,4451,0.522581934928894
816,4381,3897,0.5223923921585083
817,4381,1489,0.5219047665596008
818,4381,1488,0.5217572450637817
819,4381,662,0.5216050148010254
820,4381,1527,0.5215442776679993
821,4381,4405,0.5214774012565613
822,4381,5724,0.5214608907699585
823,4381,4732,0.5214442610740662
824,4381,1217,0.5213819146156311
825,4381,1094,0.5213515758514404
826,4381,126,0.5212554931640625
827,4381,5634,0.5212374925613403
828,4381,4898,0.5212007761001587
829,4381,886,0.5210889577865601
830,4381,769,0.5209430456161499
831,4381,5656,0.5209332704544067
832,4381,6394,0.5207605361938477
833,4381,4869,0.5207487940788269
834,4381,4438,0.5207480192184448
835,4381,6187,0.5207328796386719
836,4381,4500,0.5206119418144226
837,4381,6421,0.5205895304679871
838,4381,494,0.520538330078125
839,4381,1195,0.5204906463623047
840,4381,346,0.5204832553863525
841,4381,4226,0.5204749703407288
842,4381,1229,0.5204505324363708
843,4381,252,0.5201932787895203
844,4381,3243,0.5200542211532593
845,4381,2330,0.5199510455131531
846,4381,442,0.5199230909347534
847,4381,2554,0.5199004411697388
848,4381,3031,0.5198943614959717
849,4381,4452,0.5198526978492737
850,4381,5649,0.5197719931602478
851,4381,2301,0.5195422172546387
852,4381,5946,0.519523024559021
853,4381,6420,0.5194486975669861
854,4381,1978,0.519368052482605
855,4381,393,0.5192973017692566
856,4381,244,0.5192742347717285
857,4381,816,0.5191969275474548
858,4381,3974,0.5191476941108704
859,4381,5105,0.5191336274147034
860,4381,2033,0.5191321969032288
861,4381,1133,0.5189672708511353
862,4381,2455,0.5189523696899414
863,4381,622,0.5188149809837341
864,4381,441,0.518782377243042
865,4381,1981,0.5187397599220276
866,4381,4610,0.5180875062942505
867,4381,6206,0.5179443359375
868,4381,1847,0.5179204344749451
869,4381,6386,0.5177469253540039
870,4381,1307,0.5177128314971924
871,4381,4555,0.5175883769989014
872,4381,5355,0.5175759196281433
873,4381,3171,0.517572820186615
874,4381,1112,0.5175478458404541
875,4381,2006,0.5175187587738037
876,4381,1849,0.5175187587738037
877,4381,2464,0.5174862146377563
878,4381,411,0.5174185633659363
879,4381,4489,0.517008900642395
880,4381,133,0.5169455409049988
881,4381,4101,0.5168697834014893
882,4381,645,0.5168480277061462
883,4381,4604,0.5167564749717712
884,4381,6333,0.5167353749275208
885,4381,5884,0.5166297554969788
886,4381,4324,0.5164168477058411
887,4381,3651,0.5164023637771606
888,4381,3464,0.5163615345954895
889,4381,2747,0.5161823034286499
890,4381,972,0.51606684923172
891,4381,2196,0.516062319278717
892,4381,4352,0.5158492922782898
893,4381,2440,0.5157111883163452
894,4381,4035,0.5157110095024109
895,4381,3091,0.5155929327011108
896,4381,3741,0.5155607461929321
897,4381,1213,0.5155477523803711
898,4381,2239,0.5154024958610535
899,4381,6337,0.5151830315589905
900,4381,1889,0.515175998210907
901,4381,2094,0.515175998210907
902,4381,1613,0.5150976181030273
903,4381,5669,0.5147823691368103
904,4381,2175,0.5147766470909119
905,4381,2491,0.5147739052772522
906,4381,2069,0.514760434627533
907,4381,4518,0.5147457718849182
908,4381,6172,0.514677107334137
909,4381,402,0.514655351638794
910,4381,2225,0.5146446228027344
911,4381,6407,0.514591634273529
912,4381,5871,0.5144081115722656
913,4381,1123,0.5143346786499023
914,4381,5920,0.5141482353210449
915,4381,4927,0.5141289234161377
916,4381,202,0.5140209197998047
917,4381,4546,0.5139796733856201
918,4381,230,0.5138797163963318
919,4381,4621,0.5138534307479858
920,4381,2111,0.5137818455696106
921,4381,5498,0.5137438178062439
922,4381,3047,0.5136232972145081
923,4381,1201,0.5134907960891724
924,4381,2519,0.513289213180542
925,4381,5776,0.5132762789726257
926,4381,3971,0.5131370425224304
927,4381,109,0.5131334066390991
928,4381,1824,0.5131307244300842
929,4381,4693,0.5131055116653442
930,4381,4568,0.5130823850631714
931,4381,3962,0.5130388736724854
932,4381,5660,0.5130153298377991
933,4381,4103,0.5129529237747192
934,4381,34,0.5129323601722717
935,4381,2282,0.5129202604293823
936,4381,2480,0.5128418803215027
937,4381,4282,0.5128185749053955
938,4381,6345,0.5127838850021362
939,4381,6191,0.5126336216926575
940,4381,460,0.5125855207443237
941,4381,2104,0.5125489830970764
942,4381,3507,0.512299120426178
943,4381,3340,0.5122172236442566
944,4381,5063,0.512178361415863
945,4381,5718,0.5121161937713623
946,4381,3052,0.5119246244430542
947,4381,6310,0.5118901133537292
948,4381,3544,0.5118510723114014
949,4381,5736,0.5118200778961182
950,4381,1362,0.5117679834365845
951,4381,4342,0.5117151737213135
952,4381,1838,0.5112793445587158
953,4381,5558,0.5112241506576538
954,4381,1347,0.5111510753631592
955,4381,74,0.5111086964607239
956,4381,5662,0.511031448841095
957,4381,4845,0.5109264850616455
958,4381,6039,0.5108914375305176
959,4381,6342,0.5107660293579102
960,4381,6151,0.5106217861175537
961,4381,4368,0.5105166435241699
962,4381,5810,0.5104410648345947
963,4381,301,0.5103541612625122
964,4381,768,0.5103234052658081
965,4381,5540,0.5102956891059875
966,4381,1134,0.5102560520172119
967,4381,4596,0.5100381970405579
968,4381,20,0.5099712014198303
969,4381,6388,0.5098806619644165
970,4381,711,0.5098701119422913
971,4381,2400,0.5098356604576111
972,4381,1835,0.5096315741539001
973,4381,2702,0.5095852017402649
974,4381,6352,0.5095313787460327
975,4381,4562,0.5095264315605164
976,4381,867,0.509518027305603
977,4381,5521,0.5094907283782959
978,4381,5870,0.509431004524231
979,4381,3511,0.5094128251075745
980,4381,5737,0.5092595815658569
981,4381,4946,0.5092450380325317
982,4381,2206,0.5090566873550415
983,4381,4648,0.5089805126190186
984,4381,3155,0.5087436437606812
985,4381,4339,0.5086610913276672
986,4381,5698,0.5085383057594299
987,4381,4027,0.5084538459777832
988,4381,1194,0.5083100199699402
989,4381,1226,0.5083100199699402
990,4381,5523,0.5081499814987183
991,4381,3449,0.5080118179321289
992,4381,1629,0.5079220533370972
993,4381,2574,0.5078743696212769
994,4381,4584,0.5074501037597656
995,4381,4681,0.5074340105056763
996,4381,2015,0.5074318647384644
997,4381,2373,0.5073901414871216
998,4381,5748,0.5073387026786804
999,4381,5631,0.5072603821754456
1000,4381,68,0.5072323083877563
1001,4381,5404,0.5072072744369507
1002,4381,4124,0.5071230530738831
1003,4381,62,0.5069339871406555
1004,4381,3883,0.5068190097808838
1005,4381,2397,0.5066900253295898
1006,4381,1126,0.5066467523574829
1007,4381,471,0.5065304040908813
1008,4381,4910,0.506508469581604
1009,4381,6116,0.5064388513565063
1010,4381,335,0.5063852071762085
1011,4381,1367,0.5063795447349548
1012,4381,51,0.5063644647598267
1013,4381,5719,0.5062799453735352
1014,4381,6302,0.5062491297721863
1015,4381,2274,0.5061799883842468
1016,4381,1817,0.5061501860618591
1017,4381,5767,0.5061213970184326
1018,4381,6229,0.5060172080993652
1019,4381,2707,0.5058531761169434
1020,4381,166,0.5058102607727051
1021,4381,2922,0.5058043599128723
1022,4381,2403,0.5058013200759888
1023,4381,2752,0.5056906342506409
1024,4381,6196,0.5055756568908691
1025,4381,4493,0.5054648518562317
1026,4381,5492,0.5054060816764832
1027,4381,2392,0.5053795576095581
1028,4381,5499,0.5051957368850708
1029,4381,584,0.5050550103187561
1030,4381,4549,0.5049097537994385
1031,4381,4365,0.5048234462738037
1032,4381,3380,0.5047722458839417
1033,4381,2937,0.5046836733818054
1034,4381,3973,0.5046659708023071
1035,4381,4688,0.504645049571991
1036,4381,3615,0.5046151280403137
1037,4381,4051,0.5046043395996094
1038,4381,6227,0.5045711994171143
1039,4381,266,0.5043677091598511
1040,4381,503,0.5042119026184082
1041,4381,4034,0.5041624903678894
1042,4381,6078,0.5039938688278198
1043,4381,3578,0.503983199596405
1044,4381,2993,0.5038747787475586
1045,4381,2898,0.5038254857063293
1046,4381,4836,0.503783106803894
1047,4381,4375,0.5037068724632263
1048,4381,1736,0.5036717653274536
1049,4381,3,0.5036616325378418
1050,4381,1166,0.50362628698349
1051,4381,2152,0.503624439239502
1052,4381,1301,0.5036084651947021
1053,4381,4847,0.5035950541496277
1054,4381,1920,0.5034960508346558
1055,4381,1340,0.5033146142959595
1056,4381,195,0.5032820105552673
1057,4381,154,0.5032397508621216
1058,4381,4080,0.5032030940055847
1059,4381,2525,0.5031386613845825
1060,4381,5524,0.5030602216720581
1061,4381,6299,0.5030015110969543
1062,4381,5494,0.5026549100875854
1063,4381,2956,0.5026448965072632
1064,4381,5715,0.502632200717926
1065,4381,148,0.5026316046714783
1066,4381,3844,0.5025615096092224
1067,4381,24,0.5025571584701538
1068,4381,2078,0.5025384426116943
1069,4381,1910,0.5025252103805542
1070,4381,4862,0.5024325847625732
1071,4381,2407,0.5023705363273621
1072,4381,6008,0.5023245811462402
1073,4381,3963,0.5023131370544434
1074,4381,4872,0.5023101568222046
1075,4381,1486,0.5022010207176208
1076,4381,1941,0.5021775960922241
1077,4381,2212,0.5020424723625183
1078,4381,2510,0.5020424723625183
1079,4381,1121,0.5019925236701965
1080,4381,4165,0.5018914937973022
1081,4381,6362,0.5018805861473083
1082,4381,610,0.5018421411514282
1083,4381,786,0.5017945170402527
1084,4381,3237,0.5017432570457458
1085,4381,5625,0.5016614198684692
1086,4381,4671,0.5016587972640991
1087,4381,3998,0.5016198754310608
1088,4381,4687,0.5015055537223816
1089,4381,299,0.5014826655387878
1090,4381,4832,0.5012627840042114
1091,4381,4205,0.5011980533599854
1092,4381,130,0.5010116100311279
1093,4381,3663,0.5008625388145447
1094,4381,862,0.5007415413856506
1095,4381,4797,0.5007014870643616
1096,4381,3478,0.50068598985672
1097,4381,3617,0.5005607604980469
1098,4381,55,0.5005448460578918
1099,4381,4963,0.5004135370254517
1100,4381,5740,0.5003733038902283
1101,4381,955,0.5003594160079956
1102,4381,4936,0.5002425909042358
1103,4381,5366,0.5001987814903259
1104,4381,386,0.5001276135444641
1105,4381,1339,0.49998733401298523
1106,4381,4945,0.4998991787433624
1107,4381,4260,0.49963095784187317
1108,4381,492,0.4991384446620941
1109,4381,2526,0.4991042912006378
1110,4381,4316,0.4990782141685486
1111,4381,6222,0.49898263812065125
1112,4381,4933,0.4989432394504547
1113,4381,2513,0.49888765811920166
1114,4381,6423,0.4988653361797333
1115,4381,5717,0.49879926443099976
1116,4381,5866,0.4987082779407501
1117,4381,6093,0.4987029731273651
1118,4381,1181,0.4986898601055145
1119,4381,3915,0.49863600730895996
1120,4381,5837,0.49862828850746155
1121,4381,2933,0.49856775999069214
1122,4381,5681,0.49850285053253174
1123,4381,1224,0.49849310517311096
1124,4381,6326,0.4984745979309082
1125,4381,1846,0.49846747517585754
1126,4381,2838,0.498458594083786
1127,4381,1830,0.4983390271663666
1128,4381,4992,0.49830546975135803
1129,4381,1903,0.4982956051826477
1130,4381,2609,0.49828070402145386
1131,4381,3606,0.49815332889556885
1132,4381,5546,0.4981374144554138
1133,4381,6028,0.49801725149154663
1134,4381,5704,0.49797359108924866
1135,4381,6414,0.49792778491973877
1136,4381,3206,0.49790158867836
1137,4381,2040,0.4978933036327362
1138,4381,1841,0.49775126576423645
1139,4381,3764,0.4977239966392517
1140,4381,1498,0.49771714210510254
1141,4381,2527,0.4977082908153534
1142,4381,5046,0.49770480394363403
1143,4381,4645,0.49748462438583374
1144,4381,1911,0.49747779965400696
1145,4381,5714,0.4972692131996155
1146,4381,2295,0.49725502729415894
1147,4381,1626,0.49712565541267395
1148,4381,6415,0.49707162380218506
1149,4381,4093,0.49684759974479675
1150,4381,1385,0.4967176020145416
1151,4381,3485,0.4966496229171753
1152,4381,2190,0.4965622127056122
1153,4381,2216,0.49647241830825806
1154,4381,4312,0.4964604377746582
1155,4381,4372,0.4964415729045868
1156,4381,4646,0.4963222146034241
1157,4381,2432,0.49631914496421814
1158,4381,3647,0.4962877035140991
1159,4381,1765,0.4962562620639801
1160,4381,2932,0.49620115756988525
1161,4381,4911,0.496084988117218
1162,4381,4357,0.49602919816970825
1163,4381,2556,0.4960072338581085
1164,4381,2643,0.49597740173339844
1165,4381,6100,0.4959467947483063
1166,4381,4048,0.49592459201812744
1167,4381,3514,0.4959188997745514
1168,4381,1206,0.4958384037017822
1169,4381,361,0.49573084712028503
1170,4381,4345,0.49563178420066833
1171,4381,606,0.49548885226249695
1172,4381,1999,0.4954347312450409
1173,4381,620,0.4954063892364502
1174,4381,1011,0.49536335468292236
1175,4381,4575,0.4953453540802002
1176,4381,212,0.49526476860046387
1177,4381,5751,0.4952552318572998
1178,4381,4301,0.4952181279659271
1179,4381,4262,0.49517109990119934
1180,4381,5747,0.49515584111213684
1181,4381,1644,0.49512147903442383
1182,4381,114,0.4950915277004242
1183,4381,1214,0.4950834810733795
1184,4381,6419,0.49505627155303955
1185,4381,815,0.4950253665447235
1186,4381,263,0.49499496817588806
1187,4381,97,0.4948435127735138
1188,4381,1162,0.49483880400657654
1189,4381,1159,0.4948299825191498
1190,4381,4552,0.4946869909763336
1191,4381,4053,0.49467918276786804
1192,4381,4396,0.4945211410522461
1193,4381,2682,0.4944799244403839
1194,4381,1169,0.4944414496421814
1195,4381,1962,0.49440473318099976
1196,4381,2328,0.49428659677505493
1197,4381,766,0.49420252442359924
1198,4381,2603,0.4941468834877014
1199,4381,5172,0.49410805106163025
1200,4381,3241,0.4940614700317383
1201,4381,261,0.49405840039253235
1202,4381,2238,0.493962824344635
1203,4381,4268,0.49395474791526794
1204,4381,6003,0.493942528963089
1205,4381,5550,0.4938708245754242
1206,4381,3368,0.49377089738845825
1207,4381,5900,0.493761271238327
1208,4381,6041,0.49373623728752136
1209,4381,6086,0.49351465702056885
1210,4381,2412,0.4933616518974304
1211,4381,4083,0.4932185709476471
1212,4381,3675,0.4932011365890503
1213,4381,5118,0.49319303035736084
1214,4381,2108,0.49312835931777954
1215,4381,1797,0.4929979145526886
1216,4381,1828,0.49298885464668274
1217,4381,352,0.4929679334163666
1218,4381,2487,0.49289649724960327
1219,4381,5501,0.49279141426086426
1220,4381,401,0.4927056133747101
1221,4381,2522,0.4926680028438568
1222,4381,5821,0.49260279536247253
1223,4381,2326,0.4925776720046997
1224,4381,1538,0.4925704002380371
1225,4381,4436,0.49256303906440735
1226,4381,4624,0.49253642559051514
1227,4381,2062,0.49252772331237793
1228,4381,2940,0.49248942732810974
1229,4381,2324,0.4924323856830597
1230,4381,5639,0.4923942983150482
1231,4381,434,0.4923476278781891
1232,4381,3476,0.4923267364501953
1233,4381,303,0.4921114444732666
1234,4381,3960,0.4919731318950653
1235,4381,2948,0.4919012784957886
1236,4381,4672,0.4917536675930023
1237,4381,3694,0.4916750490665436
1238,4381,2132,0.49163568019866943
1239,4381,235,0.4915391206741333
1240,4381,5286,0.4912490248680115
1241,4381,2119,0.49124279618263245
1242,4381,1373,0.4912095069885254
1243,4381,4625,0.491031289100647
1244,4381,2924,0.49102547764778137
1245,4381,5830,0.49098554253578186
1246,4381,451,0.4909500181674957
1247,4381,3642,0.4908909797668457
1248,4381,5770,0.4908748269081116
1249,4381,3014,0.49083757400512695
1250,4381,5755,0.4908140301704407
1251,4381,2123,0.49079063534736633
1252,4381,1175,0.4907863140106201
1253,4381,1819,0.49070820212364197
1254,4381,3734,0.4906807839870453
1255,4381,5802,0.4906788468360901
1256,4381,3983,0.49060285091400146
1257,4381,425,0.49057450890541077
1258,4381,1360,0.4903339147567749
1259,4381,1926,0.49027538299560547
1260,4381,5537,0.49020862579345703
1261,4381,4756,0.49012333154678345
1262,4381,1495,0.49009954929351807
1263,4381,3812,0.49007704854011536
1264,4381,4928,0.48982688784599304
1265,4381,5757,0.48981815576553345
1266,4381,2245,0.489718496799469
1267,4381,1867,0.4896867275238037
1268,4381,1318,0.48968178033828735
1269,4381,4145,0.48968005180358887
1270,4381,2902,0.4895695745944977
1271,4381,3879,0.4894353747367859
1272,4381,4593,0.4894292950630188
1273,4381,4332,0.4893932342529297
1274,4381,4144,0.4893799126148224
1275,4381,3249,0.48916178941726685
1276,4381,3170,0.4891205132007599
1277,4381,2704,0.48906004428863525
1278,4381,234,0.489003986120224
1279,4381,5956,0.48899203538894653
1280,4381,358,0.48890188336372375
1281,4381,5295,0.4888523519039154
1282,4381,2041,0.4887322783470154
1283,4381,33,0.48868420720100403
1284,4381,4308,0.48868316411972046
1285,4381,5497,0.4886314868927002
1286,4381,6148,0.4885261058807373
1287,4381,1896,0.4884742498397827
1288,4381,1733,0.48847341537475586
1289,4381,4793,0.4883807897567749
1290,4381,2873,0.4883662164211273
1291,4381,1503,0.48835429549217224
1292,4381,3589,0.488288938999176
1293,4381,626,0.48814061284065247
1294,4381,4113,0.48811182379722595
1295,4381,4653,0.48809394240379333
1296,4381,5482,0.48807641863822937
1297,4381,5732,0.4880351424217224
1298,4381,5451,0.4880051016807556
1299,4381,437,0.4879281520843506
1300,4381,269,0.48789501190185547
1301,4381,3930,0.48774632811546326
1302,4381,1325,0.487608402967453
1303,4381,292,0.48756837844848633
1304,4381,1555,0.48748505115509033
1305,4381,475,0.4874572157859802
1306,4381,4473,0.48743149638175964
1307,4381,6074,0.4874071776866913
1308,4381,403,0.4873737096786499
1309,4381,187,0.48735660314559937
1310,4381,1377,0.4873172342777252
1311,4381,2019,0.487289160490036
1312,4381,6211,0.48714736104011536
1313,4381,4123,0.4871450364589691
1314,4381,5530,0.4870803952217102
1315,4381,4657,0.48706817626953125
1316,4381,3078,0.4870601296424866
1317,4381,3508,0.4870583713054657
1318,4381,382,0.48702695965766907
1319,4381,6017,0.4869728982448578
1320,4381,245,0.4868282973766327
1321,4381,826,0.4866505563259125
1322,4381,3227,0.4866456985473633
1323,4381,4504,0.486618310213089
1324,4381,2904,0.4866166114807129
1325,4381,1308,0.4864760935306549
1326,4381,2256,0.4864579439163208
1327,4381,4633,0.48625609278678894
1328,4381,1526,0.4862369894981384
1329,4381,6371,0.4862234890460968
1330,4381,6105,0.4861656725406647
1331,4381,1601,0.48615896701812744
1332,4381,1975,0.48613786697387695
1333,4381,2972,0.4860926568508148
1334,4381,4573,0.4860851764678955
1335,4381,1016,0.4860709607601166
1336,4381,4135,0.4860400855541229
1337,4381,910,0.48600244522094727
1338,4381,6031,0.4858965277671814
1339,4381,106,0.4858686923980713
1340,4381,3217,0.4858301281929016
1341,4381,4718,0.4857592284679413
1342,4381,4951,0.4857214391231537
1343,4381,878,0.48568615317344666
1344,4381,3303,0.4856540560722351
1345,4381,4619,0.4854886531829834
1346,4381,2285,0.4854702949523926
1347,4381,4746,0.48539867997169495
1348,4381,5577,0.4853598177433014
1349,4381,4574,0.4853525161743164
1350,4381,3745,0.48533308506011963
1351,4381,6309,0.4853077232837677
1352,4381,4283,0.48528116941452026
1353,4381,2049,0.48512884974479675
1354,4381,4780,0.4850993752479553
1355,4381,5783,0.4850778877735138
1356,4381,4140,0.4850775897502899
1357,4381,5860,0.48504772782325745
1358,4381,2159,0.48494479060173035
1359,4381,181,0.48493921756744385
1360,4381,3531,0.48493799567222595
1361,4381,4783,0.48480212688446045
1362,4381,1317,0.4847184419631958
1363,4381,276,0.484713613986969
1364,4381,1208,0.48459163308143616
1365,4381,4261,0.4845828711986542
1366,4381,4918,0.48453807830810547
1367,4381,2847,0.484536349773407
1368,4381,4409,0.48453018069267273
1369,4381,4858,0.48449039459228516
1370,4381,6040,0.48443517088890076
1371,4381,4827,0.484393447637558
1372,4381,1275,0.48427319526672363
1373,4381,1639,0.48418962955474854
1374,4381,5909,0.48408105969429016
1375,4381,3793,0.4839939773082733
1376,4381,3477,0.4838961958885193
1377,4381,637,0.48386240005493164
1378,4381,3202,0.4838380813598633
1379,4381,5107,0.48375844955444336
1380,4381,6372,0.4837494194507599
1381,4381,4564,0.48368990421295166
1382,4381,2498,0.4836888909339905
1383,4381,4143,0.4835503101348877
1384,4381,4315,0.48347169160842896
1385,4381,4141,0.4833160936832428
1386,4381,1843,0.4832259714603424
1387,4381,323,0.4832248389720917
1388,4381,4889,0.483189195394516
1389,4381,337,0.4829690158367157
1390,4381,5595,0.482949435710907
1391,4381,5560,0.48294785618782043
1392,4381,6381,0.48293814063072205
1393,4381,770,0.48291322588920593
1394,4381,2269,0.4828641712665558
1395,4381,1474,0.4826916456222534
1396,4381,6215,0.4826635718345642
1397,4381,6425,0.48264408111572266
1398,4381,4068,0.4826385974884033
1399,4381,611,0.4825279116630554
1400,4381,5832,0.4822847247123718
1401,4381,2979,0.4821684658527374
1402,4381,3458,0.48214954137802124
1403,4381,5581,0.482104629278183
1404,4381,2249,0.4819581210613251
1405,4381,4810,0.48183295130729675
1406,4381,4706,0.48167625069618225
1407,4381,3194,0.4816738963127136
1408,4381,2339,0.4815501272678375
1409,4381,1106,0.4815343916416168
1410,4381,1948,0.4813331067562103
1411,4381,3676,0.48112040758132935
1412,4381,4887,0.4811127185821533
1413,4381,732,0.48111075162887573
1414,4381,6200,0.48101839423179626
1415,4381,5728,0.4809991717338562
1416,4381,4176,0.4809773862361908
1417,4381,4991,0.4809136986732483
1418,4381,5534,0.4808831512928009
1419,4381,1242,0.48081135749816895
1420,4381,2169,0.48077160120010376
1421,4381,4850,0.48074179887771606
1422,4381,157,0.48069465160369873
1423,4381,5045,0.480656236410141
1424,4381,5924,0.48061618208885193
1425,4381,6379,0.48060792684555054
1426,4381,2057,0.48060372471809387
1427,4381,5487,0.480535626411438
1428,4381,416,0.4804387092590332
1429,4381,3823,0.4803828299045563
1430,4381,163,0.48038044571876526
1431,4381,5635,0.4803301692008972
1432,4381,4286,0.48029258847236633
1433,4381,4370,0.48023560643196106
1434,4381,4387,0.48021239042282104
1435,4381,1433,0.48018884658813477
1436,4381,1919,0.48013949394226074
1437,4381,104,0.4801226258277893
1438,4381,5778,0.48009639978408813
1439,4381,2172,0.4799700081348419
1440,4381,2186,0.47976455092430115
1441,4381,5048,0.47975993156433105
1442,4381,2749,0.47969338297843933
1443,4381,2845,0.4796612560749054
1444,4381,6282,0.4795389473438263
1445,4381,3845,0.47947806119918823
1446,4381,1602,0.47947782278060913
1447,4381,3989,0.4794282913208008
1448,4381,3220,0.4793085753917694
1449,4381,4440,0.4792201817035675
1450,4381,4373,0.47908908128738403
1451,4381,4252,0.4790211617946625
1452,4381,6099,0.4788482189178467
1453,4381,825,0.4787790775299072
1454,4381,3629,0.47877371311187744
1455,4381,1864,0.47873637080192566
1456,4381,2622,0.4786314368247986
1457,4381,811,0.4785933196544647
1458,4381,6158,0.47836825251579285
1459,4381,2540,0.4782916307449341
1460,4381,3214,0.47818827629089355
1461,4381,5616,0.47804880142211914
1462,4381,597,0.4780302941799164
1463,4381,452,0.477827787399292
1464,4381,5237,0.47779959440231323
1465,4381,3312,0.47768813371658325
1466,4381,3643,0.47767144441604614
1467,4381,4680,0.47758087515830994
1468,4381,1471,0.4775722622871399
1469,4381,2548,0.47757095098495483
1470,4381,2343,0.4774912893772125
1471,4381,5942,0.47742417454719543
1472,4381,4374,0.4772867262363434
1473,4381,601,0.47728604078292847
1474,4381,1479,0.4772758483886719
1475,4381,1376,0.47717490792274475
1476,4381,5052,0.4771570563316345
1477,4381,143,0.4771522879600525
1478,4381,390,0.4771049916744232
1479,4381,724,0.4768199622631073
1480,4381,65,0.4767957627773285
1481,4381,506,0.47671499848365784
1482,4381,5000,0.4767003059387207
1483,4381,1606,0.4766240119934082
1484,4381,723,0.4765069782733917
1485,4381,1825,0.4764832556247711
1486,4381,5023,0.4764123260974884
1487,4381,6230,0.4763905107975006
1488,4381,1352,0.4762972891330719
1489,4381,2436,0.47628483176231384
1490,4381,704,0.4762539565563202
1491,4381,1752,0.47619062662124634
1492,4381,4879,0.4761548936367035
1493,4381,6373,0.4761503338813782
1494,4381,3636,0.47614380717277527
1495,4381,5754,0.47613051533699036
1496,4381,4922,0.4760274589061737
1497,4381,1594,0.47602736949920654
1498,4381,974,0.476014643907547
1499,4381,937,0.47593042254447937
1500,4381,3652,0.4759187698364258
1501,4381,5127,0.4758203625679016
1502,4381,3066,0.4757721722126007
1503,4381,5277,0.4756351709365845
1504,4381,2020,0.4756275415420532
1505,4381,4020,0.4755600094795227
1506,4381,2266,0.4755169749259949
1507,4381,3881,0.4754943251609802
1508,4381,17,0.47539377212524414
1509,4381,5666,0.4753481447696686
1510,4381,3599,0.47525882720947266
1511,4381,852,0.4751814007759094
1512,4381,1007,0.4750624895095825
1513,4381,4855,0.4750470817089081
1514,4381,5856,0.4749985933303833
1515,4381,468,0.4749694764614105
1516,4381,553,0.47496581077575684
1517,4381,1950,0.4748713970184326
1518,4381,4240,0.47486069798469543
1519,4381,2064,0.4748130738735199
1520,4381,4966,0.4745786488056183
1521,4381,4388,0.47454485297203064
1522,4381,385,0.4744526743888855
1523,4381,4350,0.4744504690170288
1524,4381,3990,0.47428691387176514
1525,4381,1914,0.47419461607933044
1526,4381,5510,0.47416433691978455
1527,4381,3025,0.474138081073761
1528,4381,5371,0.4739309549331665
1529,4381,1776,0.47392523288726807
1530,4381,4340,0.4738271236419678
1531,4381,4856,0.473800927400589
1532,4381,4254,0.4737720191478729
1533,4381,848,0.47375136613845825
1534,4381,197,0.4737273156642914
1535,4381,2991,0.4736904501914978
1536,4381,2362,0.47355595231056213
1537,4381,447,0.4735442101955414
1538,4381,40,0.4733838438987732
1539,4381,123,0.4733682870864868
1540,4381,3093,0.4732201397418976
1541,4381,6025,0.4731740951538086
1542,4381,221,0.4731033146381378
1543,4381,634,0.47305697202682495
1544,4381,5609,0.4730518162250519
1545,4381,428,0.4730037748813629
1546,4381,4157,0.47298499941825867
1547,4381,1551,0.47294268012046814
1548,4381,1219,0.47284170985221863
1549,4381,2830,0.4728376567363739
1550,4381,2736,0.47272756695747375
1551,4381,139,0.47272732853889465
1552,4381,599,0.4727119505405426
1553,4381,5819,0.4726748764514923
1554,4381,3517,0.472645103931427
1555,4381,2543,0.4725415110588074
1556,4381,6186,0.4725039005279541
1557,4381,6384,0.47246772050857544
1558,4381,304,0.4724651873111725
1559,4381,6096,0.47242969274520874
1560,4381,1971,0.47240394353866577
1561,4381,3235,0.47237545251846313
1562,4381,1152,0.47224780917167664
1563,4381,5085,0.4719882011413574
1564,4381,4191,0.4719875156879425
1565,4381,357,0.4718806743621826
1566,4381,3526,0.4718722105026245
1567,4381,3497,0.4718511998653412
1568,4381,3503,0.47175225615501404
1569,4381,4009,0.4717290699481964
1570,4381,4930,0.4717070460319519
1571,4381,5626,0.47162777185440063
1572,4381,4597,0.4716108441352844
1573,4381,1240,0.4715956449508667
1574,4381,2142,0.47158536314964294
1575,4381,2106,0.47155141830444336
1576,4381,5378,0.4713679552078247
1577,4381,1076,0.4709338843822479
1578,4381,6406,0.47092393040657043
1579,4381,1939,0.47086527943611145
1580,4381,4668,0.4708053469657898
1581,4381,3289,0.4707080125808716
1582,4381,1617,0.47065475583076477
1583,4381,2723,0.47053587436676025
1584,4381,2471,0.4705062508583069
1585,4381,4717,0.470480740070343
1586,4381,1623,0.47043830156326294
1587,4381,4677,0.47037866711616516
1588,4381,3070,0.4702298939228058
1589,4381,801,0.470226526260376
1590,4381,2729,0.4702109694480896
1591,4381,3362,0.47020405530929565
1592,4381,1110,0.4702003598213196
1593,4381,3193,0.4701424539089203
1594,4381,1354,0.47011855244636536
1595,4381,3417,0.47009363770484924
1596,4381,5042,0.4700425863265991
1597,4381,3109,0.4700371325016022
1598,4381,4188,0.47003600001335144
1599,4381,674,0.4700077176094055
1600,4381,2369,0.47000551223754883
1601,4381,4613,0.46996361017227173
1602,4381,1303,0.46995407342910767
1603,4381,3519,0.46980443596839905
1604,4381,5074,0.4697166681289673
1605,4381,6393,0.46965113282203674
1606,4381,223,0.46963173151016235
1607,4381,1882,0.46949896216392517
1608,4381,3022,0.4694799780845642
1609,4381,4907,0.4693875014781952
1610,4381,4213,0.4692894220352173
1611,4381,1131,0.46927863359451294
1612,4381,1607,0.4692261815071106
1613,4381,1984,0.4692203402519226
1614,4381,128,0.46917524933815
1615,4381,4523,0.4691144526004791
1616,4381,4228,0.4690442383289337
1617,4381,6382,0.4689953327178955
1618,4381,3559,0.46897807717323303
1619,4381,3523,0.46878454089164734
1620,4381,1912,0.468738853931427
1621,4381,4363,0.4687282145023346
1622,4381,1393,0.4686562120914459
1623,4381,1632,0.4686430096626282
1624,4381,6064,0.46862587332725525
1625,4381,5526,0.4685974717140198
1626,4381,3475,0.4685864746570587
1627,4381,681,0.46849697828292847
1628,4381,2687,0.4684872031211853
1629,4381,77,0.468349814414978
1630,4381,3035,0.46833744645118713
1631,4381,1763,0.4682423770427704
1632,4381,70,0.4682144522666931
1633,4381,351,0.46811559796333313
1634,4381,5974,0.4680146872997284
1635,4381,1863,0.46800512075424194
1636,4381,4327,0.46796169877052307
1637,4381,5330,0.46784016489982605
1638,4381,1890,0.46782341599464417
1639,4381,5572,0.46769842505455017
1640,4381,2101,0.4676814079284668
1641,4381,5726,0.46765583753585815
1642,4381,2231,0.4676051139831543
1643,4381,6387,0.46758171916007996
1644,4381,1938,0.4675719141960144
1645,4381,4747,0.46756628155708313
1646,4381,213,0.4675065577030182
1647,4381,1160,0.46750420331954956
1648,4381,2384,0.46747899055480957
1649,4381,5242,0.4673917591571808
1650,4381,4344,0.4673755168914795
1651,4381,5500,0.4673720896244049
1652,4381,6164,0.4673578441143036
1653,4381,3888,0.4673096239566803
1654,4381,320,0.4673018753528595
1655,4381,2883,0.4671427011489868
1656,4381,5869,0.46713554859161377
1657,4381,2096,0.4670051038265228
1658,4381,2537,0.46695247292518616
1659,4381,1497,0.46683135628700256
1660,4381,3018,0.46674513816833496
1661,4381,2886,0.46650567650794983
1662,4381,2817,0.46650487184524536
1663,4381,6038,0.46646904945373535
1664,4381,2912,0.4664590656757355
1665,4381,4389,0.4663790762424469
1666,4381,5559,0.46634721755981445
1667,4381,314,0.46632149815559387
1668,4381,6385,0.4662986695766449
1669,4381,2086,0.4662911593914032
1670,4381,5641,0.466216504573822
1671,4381,5904,0.46620509028434753
1672,4381,4385,0.4661862850189209
1673,4381,889,0.46613675355911255
1674,4381,2383,0.46600770950317383
1675,4381,1441,0.4659643769264221
1676,4381,2502,0.46594783663749695
1677,4381,6403,0.465917706489563
1678,4381,3088,0.4657660722732544
1679,4381,4835,0.46572574973106384
1680,4381,2492,0.4656950533390045
1681,4381,3213,0.4656074047088623
1682,4381,2508,0.46558138728141785
1683,4381,2087,0.4655727446079254
1684,4381,4384,0.46552330255508423
1685,4381,2626,0.4655053913593292
1686,4381,3562,0.4654311537742615
1687,4381,5688,0.4654060900211334
1688,4381,5788,0.4653295576572418
1689,4381,1995,0.46520912647247314
1690,4381,2224,0.46520891785621643
1691,4381,348,0.46519139409065247
1692,4381,5020,0.4651337265968323
1693,4381,1525,0.4650912582874298
1694,4381,4873,0.46505504846572876
1695,4381,238,0.4649668335914612
1696,4381,5532,0.46487560868263245
1697,4381,5804,0.46484625339508057
1698,4381,2532,0.46481382846832275
1699,4381,1355,0.464727520942688
1700,4381,3509,0.4647118151187897
1701,4381,5921,0.4646851122379303
1702,4381,1397,0.4646152853965759
1703,4381,6408,0.46448636054992676
1704,4381,4475,0.4644320011138916
1705,4381,3858,0.4643949568271637
1706,4381,5653,0.4643804132938385
1707,4381,3831,0.46434342861175537
1708,4381,2949,0.4643236994743347
1709,4381,6361,0.46431657671928406
1710,4381,3859,0.46422460675239563
1711,4381,717,0.4642212986946106
1712,4381,339,0.4641802906990051
1713,4381,1204,0.46417999267578125
1714,4381,2048,0.46417874097824097
1715,4381,60,0.464154452085495
1716,4381,1298,0.4640621244907379
1717,4381,982,0.464047372341156
1718,4381,5765,0.4640390872955322
1719,4381,3623,0.4639931619167328
1720,4381,5483,0.4638757109642029
1721,4381,4149,0.4638301134109497
1722,4381,1855,0.4638236165046692
1723,4381,4353,0.46382129192352295
1724,4381,334,0.4637688100337982
1725,4381,2648,0.46373671293258667
1726,4381,4578,0.4636220633983612
1727,4381,483,0.4634922742843628
1728,4381,5739,0.4634779095649719
1729,4381,1772,0.46337175369262695
1730,4381,3592,0.4633316099643707
1731,4381,557,0.4632403254508972
1732,4381,2564,0.4631612002849579
1733,4381,5106,0.4631003439426422
1734,4381,5749,0.4630909562110901
1735,4381,842,0.46301522850990295
1736,4381,2347,0.4630141258239746
1737,4381,6292,0.4629228115081787
1738,4381,5570,0.4628939628601074
1739,4381,4038,0.4628295302391052
1740,4381,1125,0.46279269456863403
1741,4381,5936,0.4627596437931061
1742,4381,3059,0.4627210199832916
1743,4381,1928,0.4626813530921936
1744,4381,5008,0.4626489281654358
1745,4381,1769,0.46260562539100647
1746,4381,6125,0.46246272325515747
1747,4381,4643,0.4624522626399994
1748,4381,5759,0.4623529016971588
1749,4381,2327,0.46230849623680115
1750,4381,4882,0.4622741937637329
1751,4381,1887,0.4622725546360016
1752,4381,2044,0.4622361660003662
1753,4381,3376,0.4621801972389221
1754,4381,6364,0.4621562957763672
1755,4381,773,0.4621211886405945
1756,4381,5376,0.462101548910141
1757,4381,448,0.46203821897506714
1758,4381,2010,0.46194010972976685
1759,4381,2676,0.46187207102775574
1760,4381,1132,0.46184012293815613
1761,4381,430,0.46181392669677734
1762,4381,5139,0.4617927372455597
1763,4381,2563,0.461785227060318
1764,4381,3564,0.46175622940063477
1765,4381,345,0.4617549777030945
1766,4381,14,0.4617549777030945
1767,4381,2786,0.46166834235191345
1768,4381,298,0.4616681933403015
1769,4381,651,0.4615061283111572
1770,4381,1311,0.46147674322128296
1771,4381,3101,0.4614696800708771
1772,4381,1359,0.4614187180995941
1773,4381,2820,0.4612842798233032
1774,4381,5124,0.46127456426620483
1775,4381,6332,0.4609704613685608
1776,4381,3143,0.4609115719795227
1777,4381,58,0.46082019805908203
1778,4381,4189,0.4607742428779602
1779,4381,5569,0.46070319414138794
1780,4381,1665,0.4606606960296631
1781,4381,2344,0.46064966917037964
1782,4381,4886,0.46050122380256653
1783,4381,648,0.46049246191978455
1784,4381,2484,0.46048420667648315
1785,4381,4422,0.4604245126247406
1786,4381,5654,0.46040263772010803
1787,4381,132,0.4604004919528961
1788,4381,1886,0.4602905809879303
1789,4381,3513,0.4602825343608856
1790,4381,5363,0.460274875164032
1791,4381,3272,0.460032194852829
1792,4381,4576,0.46002915501594543
1793,4381,2545,0.4599471390247345
1794,4381,4650,0.45992511510849
1795,4381,530,0.4599083364009857
1796,4381,1425,0.45980340242385864
1797,4381,4232,0.45978936553001404
1798,4381,4517,0.4597046971321106
1799,4381,1286,0.45967966318130493
1800,4381,4062,0.4596148431301117
1801,4381,6208,0.45961159467697144
1802,4381,484,0.4595809280872345
1803,4381,2624,0.45955905318260193
1804,4381,388,0.45942869782447815
1805,4381,5515,0.45941823720932007
1806,4381,2241,0.4593471884727478
1807,4381,1232,0.4593348801136017
1808,4381,3794,0.45932886004447937
1809,4381,1124,0.4592721462249756
1810,4381,4689,0.45924633741378784
1811,4381,5386,0.4592417776584625
1812,4381,1006,0.4591885209083557
1813,4381,4866,0.45916852355003357
1814,4381,5397,0.45916834473609924
1815,4381,5780,0.4591211974620819
1816,4381,5673,0.4591052532196045
1817,4381,5605,0.4591010510921478
1818,4381,5551,0.45907720923423767
1819,4381,4355,0.4590524137020111
1820,4381,4295,0.45900601148605347
1821,4381,2507,0.45894521474838257
1822,4381,3055,0.4588908553123474
1823,4381,2896,0.4588874876499176
1824,4381,5518,0.458881676197052
1825,4381,3182,0.4588647484779358
1826,4381,1749,0.458827406167984
1827,4381,6246,0.458756685256958
1828,4381,5310,0.4587317705154419
1829,4381,521,0.458719402551651
1830,4381,2174,0.45868247747421265
1831,4381,5414,0.45865175127983093
1832,4381,1900,0.45858147740364075
1833,4381,4812,0.45856985449790955
1834,4381,1411,0.4585570693016052
1835,4381,1529,0.45854049921035767
1836,4381,2372,0.4585389196872711
1837,4381,2630,0.45850417017936707
1838,4381,5592,0.45843690633773804
1839,4381,2459,0.45840683579444885
1840,4381,1972,0.45836132764816284
1841,4381,191,0.45830395817756653
1842,4381,4347,0.45828941464424133
1843,4381,1047,0.45824071764945984
1844,4381,2340,0.4581957757472992
1845,4381,1176,0.45819517970085144
1846,4381,2438,0.45818012952804565
1847,4381,4649,0.4581558108329773
1848,4381,1203,0.4580727219581604
1849,4381,2179,0.4580545127391815
1850,4381,5131,0.4580508768558502
1851,4381,2201,0.4579915404319763
1852,4381,4670,0.45797398686408997
1853,4381,6363,0.4579717516899109
1854,4381,5843,0.45794835686683655
1855,4381,6357,0.45792993903160095
1856,4381,1533,0.45790404081344604
1857,4381,4431,0.4579005539417267
1858,4381,680,0.45786967873573303
1859,4381,5039,0.4578622877597809
1860,4381,3467,0.45785728096961975
1861,4381,4001,0.4578523635864258
1862,4381,262,0.45783087611198425
1863,4381,168,0.4577641487121582
1864,4381,5585,0.4577259123325348
1865,4381,5939,0.4576035141944885
1866,4381,875,0.45756208896636963
1867,4381,1156,0.4575510621070862
1868,4381,3296,0.4575262665748596
1869,4381,1146,0.4575207531452179
1870,4381,3695,0.45741546154022217
1871,4381,6004,0.45739439129829407
1872,4381,1600,0.4573293626308441
1873,4381,5867,0.45731067657470703
1874,4381,4264,0.4572765529155731
1875,4381,5328,0.4571693539619446
1876,4381,1387,0.45712944865226746
1877,4381,2726,0.45704764127731323
1878,4381,2966,0.4569602906703949
1879,4381,777,0.45689821243286133
1880,4381,2165,0.45689311623573303
1881,4381,4990,0.45681503415107727
1882,4381,5156,0.4567796587944031
1883,4381,4486,0.4567500352859497
1884,4381,1532,0.4566574692726135
1885,4381,900,0.4566507041454315
1886,4381,1388,0.4566152095794678
1887,4381,5065,0.456536203622818
1888,4381,3838,0.45650359988212585
1889,4381,6307,0.4564271867275238
1890,4381,5763,0.456408828496933
1891,4381,3415,0.456402063369751
1892,4381,1726,0.45639026165008545
1893,4381,2198,0.4563860595226288
1894,4381,3493,0.4563279449939728
1895,4381,267,0.45617952942848206
1896,4381,3964,0.45613881945610046
1897,4381,5054,0.45605868101119995
1898,4381,5027,0.4560462236404419
1899,4381,2973,0.45599180459976196
1900,4381,2566,0.45592862367630005
1901,4381,3569,0.4558558762073517
1902,4381,1148,0.4558334946632385
1903,4381,391,0.45580872893333435
1904,4381,2778,0.45576056838035583
1905,4381,5734,0.4556463658809662
1906,4381,710,0.4556317925453186
1907,4381,4106,0.455599844455719
1908,4381,1636,0.4555710554122925
1909,4381,4146,0.4555071294307709
1910,4381,2067,0.45549285411834717
1911,4381,3842,0.4554518759250641
1912,4381,4162,0.4554338753223419
1913,4381,2715,0.4553695321083069
1914,4381,3387,0.4553600251674652
1915,4381,5349,0.4553576111793518
1916,4381,2851,0.45530903339385986
1917,4381,145,0.4552890360355377
1918,4381,2490,0.45526960492134094
1919,4381,4002,0.4551592469215393
1920,4381,1116,0.45511165261268616
1921,4381,4439,0.4550632834434509
1922,4381,4741,0.4550131559371948
1923,4381,1745,0.45499134063720703
1924,4381,464,0.45498931407928467
1925,4381,4302,0.4549463987350464
1926,4381,5099,0.45491692423820496
1927,4381,5051,0.45477524399757385
1928,4381,5812,0.4547356367111206
1929,4381,5549,0.4544743597507477
1930,4381,2388,0.4544444978237152
1931,4381,6303,0.4544229507446289
1932,4381,4661,0.4542926549911499
1933,4381,86,0.454263299703598
1934,4381,3489,0.45423364639282227
1935,4381,5545,0.45418575406074524
1936,4381,5658,0.4541667103767395
1937,4381,1598,0.45414239168167114
1938,4381,1732,0.45397746562957764
1939,4381,3343,0.4537835121154785
1940,4381,5538,0.45374923944473267
1941,4381,2701,0.45370256900787354
1942,4381,799,0.45367366075515747
1943,4381,3124,0.4536669850349426
1944,4381,4276,0.45363572239875793
1945,4381,2291,0.4536322355270386
1946,4381,271,0.4536045491695404
1947,4381,2053,0.45359817147254944
1948,4381,916,0.45352378487586975
1949,4381,653,0.45345836877822876
1950,4381,2149,0.4534094035625458
1951,4381,2164,0.45331162214279175
1952,4381,4121,0.45330724120140076
1953,4381,2425,0.45330724120140076
1954,4381,2446,0.45327532291412354
1955,4381,1539,0.4532180428504944
1956,4381,3028,0.4532011151313782
1957,4381,2709,0.45316922664642334
1958,4381,856,0.4531521797180176
1959,4381,2237,0.45313701033592224
1960,4381,5576,0.453114777803421
1961,4381,1212,0.45304787158966064
1962,4381,4430,0.4530036449432373
1963,4381,4408,0.4528699815273285
1964,4381,162,0.4527832567691803
1965,4381,3670,0.45277878642082214
1966,4381,4484,0.4527725577354431
1967,4381,5892,0.45275184512138367
1968,4381,255,0.4527447819709778
1969,4381,3349,0.45270583033561707
1970,4381,1509,0.4527049958705902
1971,4381,624,0.45270103216171265
1972,4381,4029,0.452650249004364
1973,4381,5360,0.4525141716003418
1974,4381,2774,0.45243218541145325
1975,4381,5272,0.452426552772522
1976,4381,2761,0.45241716504096985
1977,4381,6193,0.4524090588092804
1978,4381,505,0.45235931873321533
1979,4381,5846,0.45229408144950867
1980,4381,279,0.45225396752357483
1981,4381,2113,0.4521700143814087
1982,4381,511,0.4519030451774597
1983,4381,5868,0.45189356803894043
1984,4381,3987,0.45188310742378235
1985,4381,5957,0.45187002420425415
1986,4381,4394,0.4518451988697052
1987,4381,4957,0.4517686367034912
1988,4381,656,0.45175451040267944
1989,4381,3640,0.4517453908920288
1990,4381,1783,0.45167842507362366
1991,4381,6280,0.45165324211120605
1992,4381,4102,0.45165205001831055
1993,4381,3875,0.4516461491584778
1994,4381,709,0.4516247510910034
1995,4381,3530,0.4515308141708374
1996,4381,4550,0.4514392614364624
1997,4381,5364,0.45143595337867737
1998,4381,1622,0.451291561126709
1999,4381,194,0.45127546787261963
2000,4381,1137,0.4512172043323517
2001,4381,4184,0.45120319724082947
2002,4381,2939,0.45108506083488464
2003,4381,2521,0.4510840177536011
2004,4381,2226,0.45097798109054565
2005,4381,2659,0.450936883687973
2006,4381,208,0.45090121030807495
2007,4381,4297,0.4508591294288635
2008,4381,4275,0.4507971704006195
2009,4381,5016,0.4507817029953003
2010,4381,6201,0.4507107436656952
2011,4381,2371,0.4506896138191223
2012,4381,2405,0.4506860673427582
2013,4381,370,0.4506622552871704
2014,4381,2368,0.4506016969680786
2015,4381,138,0.4505152702331543
2016,4381,2247,0.4504912793636322
2017,4381,987,0.4504634439945221
2018,4381,6354,0.45037364959716797
2019,4381,1803,0.45036396384239197
2020,4381,3622,0.45031505823135376
2021,4381,1931,0.45031338930130005
2022,4381,2814,0.4503059983253479
2023,4381,4285,0.4502776563167572
2024,4381,640,0.4502505660057068
2025,4381,5514,0.45023980736732483
2026,4381,4314,0.45010676980018616
2027,4381,2565,0.4500747323036194
2028,4381,5422,0.45003750920295715
2029,4381,1096,0.44985511898994446
2030,4381,5169,0.4498516321182251
2031,4381,958,0.4498305320739746
2032,4381,2637,0.4497435390949249
2033,4381,4876,0.4497254490852356
2034,4381,6138,0.4496620297431946
2035,4381,2892,0.4496353566646576
2036,4381,6182,0.44959205389022827
2037,4381,1648,0.44956129789352417
2038,4381,1356,0.44951725006103516
2039,4381,5240,0.449482262134552
2040,4381,1770,0.44947078824043274
2041,4381,4779,0.4494599997997284
2042,4381,4917,0.44939497113227844
2043,4381,2864,0.449394553899765
2044,4381,1439,0.44938912987709045
2045,4381,2756,0.44934672117233276
2046,4381,3136,0.4492940306663513
2047,4381,759,0.4492713212966919
2048,4381,1858,0.4492539167404175
2049,4381,896,0.4492366313934326
2050,4381,4698,0.4491744041442871
2051,4381,5406,0.449169397354126
2052,4381,2750,0.44913074374198914
2053,4381,523,0.44909796118736267
2054,4381,4512,0.44908449053764343
2055,4381,2294,0.44900599122047424
2056,4381,1528,0.4489026963710785
2057,4381,1342,0.4488987922668457
2058,4381,3849,0.44879424571990967
2059,4381,4580,0.4487304985523224
2060,4381,3473,0.448721319437027
2061,4381,536,0.4487197697162628
2062,4381,774,0.4486478865146637
2063,4381,5547,0.4485810697078705
2064,4381,1190,0.4485672414302826
2065,4381,1237,0.4485672414302826
2066,4381,2414,0.4485594630241394
2067,4381,526,0.4485146999359131
2068,4381,1198,0.4484459161758423
2069,4381,4266,0.4484040141105652
2070,4381,4259,0.4483497440814972
2071,4381,2280,0.4483155310153961
2072,4381,5614,0.4482935070991516
2073,4381,960,0.44828206300735474
2074,4381,4814,0.44826677441596985
2075,4381,2335,0.44826459884643555
2076,4381,695,0.4482220411300659
2077,4381,5123,0.4482155740261078
2078,4381,493,0.4482020139694214
2079,4381,5104,0.4481853246688843
2080,4381,6287,0.44818082451820374
2081,4381,1955,0.4481634199619293
2082,4381,1641,0.4481457471847534
2083,4381,3455,0.44812479615211487
2084,4381,2068,0.4481247067451477
2085,4381,3328,0.4481121003627777
2086,4381,872,0.4480808973312378
2087,4381,3250,0.447959840297699
2088,4381,362,0.4479016959667206
2089,4381,3758,0.44783973693847656
2090,4381,4563,0.4477187395095825
2091,4381,4251,0.447645902633667
2092,4381,2645,0.4476131498813629
2093,4381,1734,0.4476042091846466
2094,4381,4697,0.4475708603858948
2095,4381,2710,0.4475562572479248
2096,4381,4773,0.4475424587726593
2097,4381,1324,0.4475395381450653
2098,4381,5362,0.4474877119064331
2099,4381,545,0.44747650623321533
2100,4381,4148,0.44747018814086914
2101,4381,3032,0.4474593698978424
2102,4381,6375,0.44745346903800964
2103,4381,5711,0.44741344451904297
2104,4381,4163,0.4473762810230255
2105,4381,5011,0.4473476707935333
2106,4381,6124,0.447294682264328
2107,4381,3216,0.4472552537918091
2108,4381,4476,0.4471854269504547
2109,4381,4923,0.4471099376678467
2110,4381,3864,0.4470774531364441
2111,4381,1619,0.4469973146915436
2112,4381,2313,0.4469560980796814
2113,4381,5774,0.44694530963897705
2114,4381,1093,0.4468671977519989
2115,4381,2776,0.4468342959880829
2116,4381,5171,0.446786493062973
2117,4381,63,0.44677600264549255
2118,4381,1364,0.4467746615409851
2119,4381,1893,0.4467092454433441
2120,4381,3905,0.44665762782096863
2121,4381,1764,0.44649767875671387
2122,4381,4426,0.44643634557724
2123,4381,575,0.44636642932891846
2124,4381,3648,0.4463629722595215
2125,4381,3311,0.4463566541671753
2126,4381,1670,0.4462636411190033
2127,4381,3721,0.44623854756355286
2128,4381,2276,0.44623303413391113
2129,4381,5209,0.44617441296577454
2130,4381,4716,0.44606250524520874
2131,4381,613,0.4460375905036926
2132,4381,3137,0.44601020216941833
2133,4381,2427,0.4459680914878845
2134,4381,5211,0.4459402561187744
2135,4381,6355,0.4459207355976105
2136,4381,5385,0.4458804726600647
2137,4381,690,0.4458746314048767
2138,4381,5245,0.4458642601966858
2139,4381,4490,0.44585928320884705
2140,4381,4403,0.44573673605918884
2141,4381,1720,0.4457283318042755
2142,4381,2842,0.44570279121398926
2143,4381,5261,0.44569459557533264
2144,4381,2035,0.4456590712070465
2145,4381,1918,0.44560226798057556
2146,4381,3027,0.4455987513065338
2147,4381,4736,0.445554256439209
2148,4381,99,0.4455532133579254
2149,4381,5834,0.44546908140182495
2150,4381,73,0.4454689919948578
2151,4381,2473,0.44531044363975525
2152,4381,3085,0.44523298740386963
2153,4381,4838,0.4452160894870758
2154,4381,956,0.4449739456176758
2155,4381,2596,0.44496965408325195
2156,4381,664,0.444929301738739
2157,4381,5244,0.4449247121810913
2158,4381,2426,0.44491466879844666
2159,4381,2281,0.444714218378067
2160,4381,329,0.44464659690856934
2161,4381,2437,0.4446384608745575
2162,4381,1025,0.4445704221725464
2163,4381,49,0.4445657730102539
2164,4381,3541,0.44454923272132874
2165,4381,2219,0.44454413652420044
2166,4381,3969,0.44453784823417664
2167,4381,3818,0.44446229934692383
2168,4381,4971,0.4444013833999634
2169,4381,308,0.44439563155174255
2170,4381,5627,0.44438162446022034
2171,4381,342,0.44434913992881775
2172,4381,1513,0.4443284571170807
2173,4381,3351,0.4442412257194519
2174,4381,3222,0.4442293345928192
2175,4381,5588,0.44421517848968506
2176,4381,201,0.44418564438819885
2177,4381,278,0.44418495893478394
2178,4381,3471,0.4441324770450592
2179,4381,3116,0.4440920352935791
2180,4381,4525,0.4440770745277405
2181,4381,3528,0.4440530240535736
2182,4381,4249,0.4440503716468811
2183,4381,5768,0.44403791427612305
2184,4381,3168,0.44397008419036865
2185,4381,793,0.4438928961753845
2186,4381,4875,0.44381868839263916
2187,4381,2765,0.4437558054924011
2188,4381,2233,0.4437328577041626
2189,4381,359,0.4437086284160614
2190,4381,4303,0.4436785578727722
2191,4381,5199,0.4436406195163727
2192,4381,243,0.44358834624290466
2193,4381,5101,0.4435559809207916
2194,4381,5089,0.4435105323791504
2195,4381,892,0.4434998631477356
2196,4381,6087,0.4434797465801239
2197,4381,873,0.4434117376804352
2198,4381,731,0.4433704614639282
2199,4381,2065,0.443344384431839
2200,4381,1924,0.4433390498161316
2201,4381,165,0.44330939650535583
2202,4381,1305,0.44328364729881287
2203,4381,5511,0.4432534873485565
2204,4381,423,0.44309788942337036
2205,4381,324,0.443005234003067
2206,4381,4967,0.4429679214954376
2207,4381,654,0.4428952932357788
2208,4381,2850,0.4428824484348297
2209,4381,4588,0.442830890417099
2210,4381,1467,0.44274359941482544
2211,4381,5561,0.4425186216831207
2212,4381,3407,0.4425051808357239
2213,4381,4571,0.4424958825111389
2214,4381,2435,0.442489892244339
2215,4381,1005,0.4424755573272705
2216,4381,2411,0.4424216151237488
2217,4381,4577,0.44234567880630493
2218,4381,6163,0.44225236773490906
2219,4381,6044,0.4422486126422882
2220,4381,1154,0.44223612546920776
2221,4381,2553,0.44219353795051575
2222,4381,5894,0.4421873986721039
2223,4381,474,0.4421773850917816
2224,4381,4556,0.44206491112709045
2225,4381,101,0.44198060035705566
2226,4381,3496,0.4419635534286499
2227,4381,2422,0.4419596791267395
2228,4381,2350,0.44185158610343933
2229,4381,877,0.4418507218360901
2230,4381,5601,0.4417775571346283
2231,4381,3175,0.44173046946525574
2232,4381,1391,0.4416808784008026
2233,4381,3886,0.4416709542274475
2234,4381,2597,0.4416225254535675
2235,4381,4901,0.4416065514087677
2236,4381,6006,0.44153502583503723
2237,4381,1130,0.4414471983909607
2238,4381,498,0.4413013756275177
2239,4381,5938,0.4412245750427246
2240,4381,4527,0.4411831498146057
2241,4381,1482,0.4410799741744995
2242,4381,3937,0.44094082713127136
2243,4381,2614,0.44088053703308105
2244,4381,614,0.44082045555114746
2245,4381,4171,0.44080421328544617
2246,4381,2808,0.44080105423927307
2247,4381,4463,0.4407294690608978
2248,4381,4173,0.4407122731208801
2249,4381,2728,0.4407028257846832
2250,4381,691,0.4407021105289459
2251,4381,224,0.440684050321579
2252,4381,4055,0.4406595826148987
2253,4381,727,0.4406595230102539
2254,4381,2717,0.44064128398895264
2255,4381,951,0.44062376022338867
2256,4381,4531,0.44058752059936523
2257,4381,5426,0.4405619204044342
2258,4381,420,0.44052189588546753
2259,4381,6422,0.4405096769332886
2260,4381,4906,0.4404451847076416
2261,4381,4012,0.4404400587081909
2262,4381,305,0.4403754770755768
2263,4381,2790,0.4403669834136963
2264,4381,1827,0.44035688042640686
2265,4381,2320,0.44029369950294495
2266,4381,216,0.4402711093425751
2267,4381,985,0.44009166955947876
2268,4381,2474,0.4400807321071625
2269,4381,3724,0.4399915933609009
2270,4381,2319,0.43986281752586365
2271,4381,1521,0.43984171748161316
2272,4381,5067,0.43979281187057495
2273,4381,1779,0.4396732449531555
2274,4381,4675,0.43966442346572876
2275,4381,397,0.4396287798881531
2276,4381,1333,0.4395962059497833
2277,4381,1461,0.4395912289619446
2278,4381,6102,0.43957751989364624
2279,4381,3866,0.43955281376838684
2280,4381,5311,0.4395226538181305
2281,4381,3117,0.4395059049129486
2282,4381,1390,0.4394156336784363
2283,4381,178,0.4393807351589203
2284,4381,1085,0.4393741190433502
2285,4381,3294,0.4393608868122101
2286,4381,5552,0.4393501281738281
2287,4381,4170,0.4393158555030823
2288,4381,736,0.4392242729663849
2289,4381,2358,0.43919506669044495
2290,4381,4253,0.43918606638908386
2291,4381,932,0.4391593039035797
2292,4381,4761,0.43912601470947266
2293,4381,5775,0.4390326142311096
2294,4381,3383,0.4390241503715515
2295,4381,6156,0.43894946575164795
2296,4381,3667,0.4389321208000183
2297,4381,2365,0.4389212429523468
2298,4381,2116,0.43887558579444885
2299,4381,2271,0.43885794281959534
2300,4381,2072,0.43885794281959534
2301,4381,2656,0.4387744665145874
2302,4381,3799,0.43876221776008606
2303,4381,4257,0.4387516379356384
2304,4381,4005,0.438730388879776
2305,4381,4877,0.43872466683387756
2306,4381,1993,0.43855658173561096
2307,4381,1037,0.43848466873168945
2308,4381,1345,0.4384804666042328
2309,4381,1820,0.43844926357269287
2310,4381,6178,0.4384382367134094
2311,4381,1562,0.4383838474750519
2312,4381,3223,0.4383823871612549
2313,4381,488,0.438376247882843
2314,4381,5380,0.43833214044570923
2315,4381,5507,0.438285768032074
2316,4381,5756,0.43827998638153076
2317,4381,6146,0.43820053339004517
2318,4381,1150,0.4381980001926422
2319,4381,2999,0.4380919337272644
2320,4381,4802,0.4380691945552826
2321,4381,4078,0.4380064606666565
2322,4381,1472,0.43792545795440674
2323,4381,1215,0.43784600496292114
2324,4381,4607,0.4378136992454529
2325,4381,1747,0.4377119243144989
2326,4381,4267,0.4376777112483978
2327,4381,3756,0.43762508034706116
2328,4381,3239,0.4375419318675995
2329,4381,5758,0.43748921155929565
2330,4381,5416,0.43743330240249634
2331,4381,4861,0.43742531538009644
2332,4381,1558,0.43739527463912964
2333,4381,2927,0.43738383054733276
2334,4381,5528,0.43731120228767395
2335,4381,5922,0.43729257583618164
2336,4381,5638,0.43715423345565796
2337,4381,5346,0.437094122171402
2338,4381,4279,0.4370640814304352
2339,4381,5985,0.43705910444259644
2340,4381,1189,0.4369847774505615
2341,4381,1228,0.4369847774505615
2342,4381,6241,0.43697166442871094
2343,4381,5969,0.43688395619392395
2344,4381,2208,0.43685877323150635
2345,4381,1904,0.4368288516998291
2346,4381,4152,0.4367484748363495
2347,4381,3212,0.4367358088493347
2348,4381,5083,0.4365927577018738
2349,4381,4519,0.4364650845527649
2350,4381,3869,0.4364257752895355
2351,4381,3821,0.4364257752895355
2352,4381,6162,0.43638941645622253
2353,4381,4331,0.436286598443985
2354,4381,2066,0.4362620711326599
2355,4381,2773,0.4362494647502899
2356,4381,6170,0.4362180233001709
2357,4381,5484,0.43614938855171204
2358,4381,2275,0.4361433684825897
2359,4381,1515,0.4360799193382263
2360,4381,5806,0.4360262453556061
2361,4381,3162,0.43602290749549866
2362,4381,6217,0.4360084533691406
2363,4381,3058,0.43599921464920044
2364,4381,2027,0.43597841262817383
2365,4381,2611,0.43591490387916565
2366,4381,3345,0.43582233786582947
2367,4381,28,0.43582141399383545
2368,4381,2685,0.43579864501953125
2369,4381,4201,0.4357655346393585
2370,4381,6411,0.4357222616672516
2371,4381,6047,0.43568548560142517
2372,4381,5270,0.43560051918029785
2373,4381,3966,0.4355452060699463
2374,4381,3535,0.4355270564556122
2375,4381,5289,0.4354945123195648
2376,4381,5212,0.4354660212993622
2377,4381,2567,0.4354385435581207
2378,4381,4860,0.4353935122489929
2379,4381,4865,0.43539345264434814
2380,4381,3919,0.43534597754478455
2381,4381,6194,0.4352831542491913
2382,4381,3662,0.4352741241455078
2383,4381,3010,0.43526554107666016
2384,4381,4618,0.4352492690086365
2385,4381,2469,0.4351862072944641
2386,4381,3283,0.43494391441345215
2387,4381,3315,0.4349380135536194
2388,4381,6051,0.4348653256893158
2389,4381,3878,0.4347214102745056
2390,4381,3851,0.4347127079963684
2391,4381,4529,0.43469351530075073
2392,4381,3848,0.43466916680336
2393,4381,2658,0.43466708064079285
2394,4381,4218,0.434662789106369
2395,4381,2217,0.4346083700656891
2396,4381,5409,0.43460628390312195
2397,4381,1630,0.43458688259124756
2398,4381,3442,0.43448305130004883
2399,4381,3313,0.43448305130004883
2400,4381,6184,0.43446043133735657
2401,4381,546,0.43445250391960144
2402,4381,180,0.43443751335144043
2403,4381,1151,0.4344072937965393
2404,4381,1210,0.43439963459968567
2405,4381,3970,0.4343462884426117
2406,4381,1338,0.43428218364715576
2407,4381,2953,0.43421298265457153
2408,4381,1250,0.43409469723701477
2409,4381,3968,0.4340215027332306
2410,4381,4654,0.4340071380138397
2411,4381,5047,0.43396061658859253
2412,4381,5173,0.43390434980392456
2413,4381,5344,0.4338955879211426
2414,4381,4129,0.43384477496147156
2415,4381,4280,0.4337208867073059
2416,4381,4469,0.43371695280075073
2417,4381,4309,0.4337000548839569
2418,4381,1334,0.43366003036499023
2419,4381,347,0.4336460530757904
2420,4381,780,0.4336370825767517
2421,4381,5602,0.4336313009262085
2422,4381,3807,0.4335706830024719
2423,4381,2954,0.43356993794441223
2424,4381,4829,0.4335628151893616
2425,4381,2118,0.43349120020866394
2426,4381,1831,0.43346649408340454
2427,4381,1784,0.43345212936401367
2428,4381,3706,0.43333736062049866
2429,4381,4397,0.43332913517951965
2430,4381,2968,0.4333209991455078
2431,4381,2695,0.43328624963760376
2432,4381,4155,0.4332842528820038
2433,4381,4183,0.4332786202430725
2434,4381,6304,0.4331948459148407
2435,4381,4931,0.4331344664096832
2436,4381,5400,0.43312665820121765
2437,4381,753,0.4331006407737732
2438,4381,2248,0.4330042600631714
2439,4381,373,0.4329407215118408
2440,4381,4616,0.4329133927822113
2441,4381,5881,0.4328809678554535
2442,4381,6312,0.43287017941474915
2443,4381,3363,0.43284299969673157
2444,4381,5991,0.4328063130378723
2445,4381,5848,0.4326372444629669
2446,4381,2706,0.4325886368751526
2447,4381,3924,0.4325801432132721
2448,4381,5865,0.4325590133666992
2449,4381,4599,0.4325145483016968
2450,4381,6297,0.4324909746646881
2451,4381,3872,0.43235427141189575
2452,4381,2733,0.4323253035545349
2453,4381,4996,0.43226420879364014
2454,4381,2763,0.43225646018981934
2455,4381,6018,0.4322499632835388
2456,4381,5857,0.4322311580181122
2457,4381,844,0.4322163164615631
2458,4381,5607,0.43221598863601685
2459,4381,5624,0.43220430612564087
2460,4381,2915,0.432104229927063
2461,4381,1114,0.4320528209209442
2462,4381,3355,0.43205058574676514
2463,4381,6300,0.4320385456085205
2464,4381,928,0.43203648924827576
2465,4381,190,0.4319734275341034
2466,4381,2338,0.43197333812713623
2467,4381,4896,0.43187105655670166
2468,4381,5309,0.4318688213825226
2469,4381,756,0.4318445026874542
2470,4381,4639,0.43184345960617065
2471,4381,3079,0.43179067969322205
2472,4381,5820,0.4317834675312042
2473,4381,5703,0.431771457195282
2474,4381,3590,0.4317687153816223
2475,4381,3228,0.43176501989364624
2476,4381,2617,0.4317331910133362
2477,4381,38,0.4317156970500946
2478,4381,1856,0.4316420555114746
2479,4381,1546,0.43161383271217346
2480,4381,2003,0.43158912658691406
2481,4381,319,0.4315609633922577
2482,4381,2013,0.43154868483543396
2483,4381,66,0.4315482974052429
2484,4381,461,0.4315437376499176
2485,4381,737,0.4315023720264435
2486,4381,1423,0.4314916133880615
2487,4381,476,0.4314093291759491
2488,4381,5274,0.43138378858566284
2489,4381,4986,0.4313814342021942
2490,4381,3196,0.4313763380050659
2491,4381,4168,0.43125757575035095
2492,4381,2321,0.43123117089271545
2493,4381,1936,0.4311809837818146
2494,4381,5342,0.4311372637748718
2495,4381,1640,0.43110737204551697
2496,4381,6058,0.431068480014801
2497,4381,4581,0.4310683310031891
2498,4381,6244,0.4309135377407074
2499,4381,4561,0.4308975040912628
2500,4381,4366,0.43089333176612854
2501,4381,4024,0.4308883249759674
2502,4381,3045,0.43080195784568787
2503,4381,4767,0.4307519495487213
2504,4381,4472,0.43073779344558716
2505,4381,4972,0.43072548508644104
2506,4381,1158,0.43067535758018494
2507,4381,1739,0.4305783808231354
2508,4381,5094,0.43057769536972046
2509,4381,207,0.43057695031166077
2510,4381,497,0.43056923151016235
2511,4381,1759,0.43053004145622253
2512,4381,5058,0.4305156469345093
2513,4381,3378,0.43050870299339294
2514,4381,3755,0.43047818541526794
2515,4381,4515,0.4304696023464203
2516,4381,5439,0.43046948313713074
2517,4381,1535,0.4304230511188507
2518,4381,3179,0.4303855001926422
2519,4381,5269,0.4303707778453827
2520,4381,2542,0.43035951256752014
2521,4381,2631,0.4303489625453949
2522,4381,355,0.4303322732448578
2523,4381,2748,0.4303237199783325
2524,4381,3575,0.43031662702560425
2525,4381,3448,0.4303000867366791
2526,4381,4526,0.4301563501358032
2527,4381,5141,0.4301503002643585
2528,4381,281,0.4300905764102936
2529,4381,214,0.4300563633441925
2530,4381,3776,0.4300397038459778
2531,4381,5980,0.43002715706825256
2532,4381,2555,0.4300187826156616
2533,4381,4505,0.43001341819763184
2534,4381,3853,0.43000328540802
2535,4381,5668,0.42999523878097534
2536,4381,5100,0.42998403310775757
2537,4381,3156,0.4299251139163971
2538,4381,2812,0.4299027621746063
2539,4381,4079,0.42989158630371094
2540,4381,2546,0.42982640862464905
2541,4381,2872,0.4298071265220642
2542,4381,714,0.4297771155834198
2543,4381,2745,0.4297114908695221
2544,4381,1793,0.4296526610851288
2545,4381,2672,0.4295455813407898
2546,4381,2716,0.42953574657440186
2547,4381,3545,0.4295106530189514
2548,4381,2143,0.4294506013393402
2549,4381,3518,0.42941465973854065
2550,4381,481,0.42938530445098877
2551,4381,405,0.4293663203716278
2552,4381,5613,0.4293501079082489
2553,4381,616,0.4293496012687683
2554,4381,4470,0.4293310344219208
2555,4381,1496,0.4293072521686554
2556,4381,3262,0.4292658865451813
2557,4381,424,0.42920830845832825
2558,4381,4831,0.42915746569633484
2559,4381,1829,0.42909303307533264
2560,4381,1964,0.4290805757045746
2561,4381,3988,0.42905470728874207
2562,4381,706,0.4290434718132019
2563,4381,1466,0.42903396487236023
2564,4381,6021,0.4289996027946472
2565,4381,5539,0.42895153164863586
2566,4381,1261,0.4289432466030121
2567,4381,5055,0.42889589071273804
2568,4381,1346,0.4288780689239502
2569,4381,2038,0.4287489652633667
2570,4381,3236,0.4287320077419281
2571,4381,2380,0.42870110273361206
2572,4381,995,0.4286833703517914
2573,4381,6141,0.4286681115627289
2574,4381,5842,0.42862749099731445
2575,4381,2333,0.4285960793495178
2576,4381,477,0.4285795986652374
2577,4381,50,0.42855945229530334
2578,4381,3748,0.4285122752189636
2579,4381,5789,0.4285009205341339
2580,4381,2731,0.42839083075523376
2581,4381,5493,0.4283859133720398
2582,4381,4956,0.42836782336235046
2583,4381,887,0.4283425807952881
2584,4381,3679,0.42825448513031006
2585,4381,1880,0.4282410144805908
2586,4381,2107,0.4282410144805908
2587,4381,1951,0.4282378852367401
2588,4381,4511,0.42822638154029846
2589,4381,578,0.4282243251800537
2590,4381,2031,0.42815786600112915
2591,4381,210,0.4280286729335785
2592,4381,3525,0.42794930934906006
2593,4381,72,0.42789047956466675
2594,4381,1101,0.4278545677661896
2595,4381,1343,0.4278537631034851
2596,4381,5876,0.42782697081565857
2597,4381,6046,0.4278247356414795
2598,4381,3061,0.42778292298316956
2599,4381,5750,0.4277541935443878
2600,4381,1420,0.4277394115924835
2601,4381,3843,0.4277346730232239
2602,4381,2849,0.42771536111831665
2603,4381,3301,0.42765235900878906
2604,4381,3806,0.4276247024536133
2605,4381,2505,0.4275866746902466
2606,4381,2207,0.4275866746902466
2607,4381,3063,0.42758283019065857
2608,4381,2098,0.42748695611953735
2609,4381,3612,0.4274665117263794
2610,4381,1316,0.4274594485759735
2611,4381,953,0.4274398982524872
2612,4381,490,0.42735975980758667
2613,4381,4111,0.42735040187835693
2614,4381,1969,0.4273144006729126
2615,4381,2936,0.427272766828537
2616,4381,2941,0.42720040678977966
2617,4381,6265,0.42719393968582153
2618,4381,6328,0.42718884348869324
2619,4381,6204,0.4271644055843353
2620,4381,5800,0.42713794112205505
2621,4381,885,0.42710080742836
2622,4381,54,0.4270899295806885
2623,4381,6174,0.4270803928375244
2624,4381,3105,0.4270518124103546
2625,4381,983,0.42704784870147705
2626,4381,6349,0.42703303694725037
2627,4381,1806,0.4270147681236267
2628,4381,115,0.4269932508468628
2629,4381,2961,0.4269750714302063
2630,4381,164,0.4269293248653412
2631,4381,1544,0.4269120693206787
2632,4381,2503,0.42685747146606445
2633,4381,3985,0.42683565616607666
2634,4381,2495,0.42679253220558167
2635,4381,2042,0.42676085233688354
2636,4381,4089,0.4267163574695587
2637,4381,5018,0.4266652464866638
2638,4381,3826,0.4266307055950165
2639,4381,1065,0.42662861943244934
2640,4381,1585,0.4266180694103241
2641,4381,3865,0.426606684923172
2642,4381,6076,0.4265352785587311
2643,4381,5979,0.4265316128730774
2644,4381,5615,0.42652663588523865
2645,4381,5632,0.4264841079711914
2646,4381,3554,0.4264392852783203
2647,4381,4904,0.42641377449035645
2648,4381,4311,0.42640575766563416
2649,4381,5989,0.42634525895118713
2650,4381,1327,0.4263303577899933
2651,4381,1649,0.4262908101081848
2652,4381,748,0.4262876808643341
2653,4381,2746,0.42627817392349243
2654,4381,2258,0.4262069761753082
2655,4381,2785,0.4261699914932251
2656,4381,3863,0.4261643886566162
2657,4381,6117,0.4261353015899658
2658,4381,1041,0.42613306641578674
2659,4381,3601,0.42610618472099304
2660,4381,5565,0.42609310150146484
2661,4381,5928,0.42603787779808044
2662,4381,513,0.42603474855422974
2663,4381,5899,0.42599377036094666
2664,4381,2649,0.4259561002254486
2665,4381,5779,0.4259518086910248
2666,4381,79,0.42587417364120483
2667,4381,3108,0.42583662271499634
2668,4381,5130,0.425819456577301
2669,4381,1456,0.4258134067058563
2670,4381,6103,0.42578160762786865
2671,4381,3920,0.4257579743862152
2672,4381,1557,0.42566120624542236
2673,4381,1368,0.4256424605846405
2674,4381,6247,0.4256249666213989
2675,4381,1794,0.4256020784378052
2676,4381,4022,0.4255848526954651
2677,4381,3277,0.4255774915218353
2678,4381,3487,0.4255661070346832
2679,4381,697,0.4255559742450714
2680,4381,3197,0.42552638053894043
2681,4381,6197,0.42551425099372864
2682,4381,1453,0.42546823620796204
2683,4381,4766,0.42546194791793823
2684,4381,4115,0.42545679211616516
2685,4381,4107,0.4254384934902191
2686,4381,4899,0.42541617155075073
2687,4381,528,0.4254155457019806
2688,4381,4826,0.425406813621521
2689,4381,2944,0.4253874123096466
2690,4381,5489,0.42537370324134827
2691,4381,4330,0.4252493977546692
2692,4381,1684,0.4252491891384125
2693,4381,871,0.42514732480049133
2694,4381,6275,0.42512911558151245
2695,4381,4939,0.4250759482383728
2696,4381,2210,0.4250729978084564
2697,4381,1542,0.42496994137763977
2698,4381,3029,0.4249339997768402
2699,4381,2120,0.42493391036987305
2700,4381,4893,0.42490676045417786
2701,4381,5465,0.42490458488464355
2702,4381,3862,0.4248766601085663
2703,4381,4570,0.4248758554458618
2704,4381,5556,0.4247323274612427
2705,4381,6286,0.4247111976146698
2706,4381,4348,0.42469263076782227
2707,4381,2580,0.4246789813041687
2708,4381,4421,0.4246441721916199
2709,4381,3916,0.4245990514755249
2710,4381,3479,0.4245441257953644
2711,4381,512,0.42450860142707825
2712,4381,1118,0.42450833320617676
2713,4381,4560,0.42446625232696533
2714,4381,5529,0.42444026470184326
2715,4381,4509,0.42434394359588623
2716,4381,3122,0.4243330955505371
2717,4381,3860,0.42432478070259094
2718,4381,2560,0.42418891191482544
2719,4381,934,0.42417338490486145
2720,4381,1241,0.42412418127059937
2721,4381,1239,0.42412418127059937
2722,4381,3610,0.4240065813064575
2723,4381,5408,0.4239896237850189
2724,4381,3062,0.42394110560417175
2725,4381,4760,0.42385318875312805
2726,4381,2619,0.4238467514514923
2727,4381,1625,0.42381706833839417
2728,4381,2742,0.4238026738166809
2729,4381,1659,0.42377278208732605
2730,4381,3092,0.423736572265625
2731,4381,2897,0.4237014949321747
2732,4381,1490,0.4236774444580078
2733,4381,3064,0.42363080382347107
2734,4381,635,0.4236006736755371
2735,4381,908,0.42356666922569275
2736,4381,4224,0.42355385422706604
2737,4381,615,0.42353275418281555
2738,4381,177,0.4235299825668335
2739,4381,2639,0.4234997630119324
2740,4381,5889,0.42349112033843994
2741,4381,3722,0.423473060131073
2742,4381,1086,0.4232640564441681
2743,4381,6324,0.4232133626937866
2744,4381,3295,0.42316320538520813
2745,4381,596,0.4230685532093048
2746,4381,4464,0.42306530475616455
2747,4381,5233,0.42305538058280945
2748,4381,3856,0.4230213165283203
2749,4381,5049,0.4230011999607086
2750,4381,1283,0.4229663908481598
2751,4381,1494,0.4229157865047455
2752,4381,4769,0.4228796362876892
2753,4381,4745,0.42286524176597595
2754,4381,3537,0.42284026741981506
2755,4381,6123,0.42283549904823303
2756,4381,1530,0.4227723479270935
2757,4381,5926,0.4227680563926697
2758,4381,4256,0.42275747656822205
2759,4381,5149,0.4227207899093628
2760,4381,914,0.42269250750541687
2761,4381,1147,0.4226875305175781
2762,4381,4614,0.42267465591430664
2763,4381,3830,0.42264366149902344
2764,4381,5777,0.42256295680999756
2765,4381,1676,0.4225359857082367
2766,4381,6380,0.42252805829048157
2767,4381,5769,0.42252224683761597
2768,4381,594,0.4225122630596161
2769,4381,641,0.42236173152923584
2770,4381,1015,0.4223450720310211
2771,4381,623,0.42234107851982117
2772,4381,2980,0.4223274290561676
2773,4381,6068,0.422301709651947
2774,4381,3111,0.42229828238487244
2775,4381,971,0.4222724139690399
2776,4381,5792,0.42221423983573914
2777,4381,300,0.4221908152103424
2778,4381,730,0.422112375497818
2779,4381,4105,0.42207807302474976
2780,4381,1934,0.42207738757133484
2781,4381,3992,0.42204269766807556
2782,4381,253,0.4220172166824341
2783,4381,4538,0.4220012128353119
2784,4381,1476,0.4219342768192291
2785,4381,3347,0.4219268560409546
2786,4381,2822,0.4219224750995636
2787,4381,540,0.42192018032073975
2788,4381,1090,0.42187240719795227
2789,4381,2661,0.42180851101875305
2790,4381,16,0.4217943847179413
2791,4381,1506,0.42175644636154175
2792,4381,5886,0.42171260714530945
2793,4381,5617,0.42170554399490356
2794,4381,3542,0.42169389128685
2795,4381,1335,0.4216167628765106
2796,4381,959,0.42153823375701904
2797,4381,3827,0.42153069376945496
2798,4381,3611,0.4215084910392761
2799,4381,4483,0.42150425910949707
2800,4381,4462,0.42145729064941406
2801,4381,4842,0.4214287996292114
2802,4381,5485,0.4213780462741852
2803,4381,1878,0.4213775396347046
2804,4381,333,0.4213634729385376
2805,4381,4989,0.4213619828224182
2806,4381,3033,0.4212999641895294
2807,4381,153,0.42129433155059814
2808,4381,3551,0.42129215598106384
2809,4381,3195,0.42122355103492737
2810,4381,5705,0.42122241854667664
2811,4381,2755,0.4212028682231903
2812,4381,1434,0.4211912751197815
2813,4381,504,0.4211731255054474
2814,4381,5600,0.4211195111274719
2815,4381,3761,0.42103758454322815
2816,4381,4198,0.42103150486946106
2817,4381,5044,0.42102110385894775
2818,4381,4306,0.42101627588272095
2819,4381,5838,0.4209862947463989
2820,4381,4319,0.42091238498687744
2821,4381,340,0.42090627551078796
2822,4381,5168,0.4208988547325134
2823,4381,6238,0.4208681285381317
2824,4381,5009,0.4208659827709198
2825,4381,1173,0.42081332206726074
2826,4381,26,0.4207804799079895
2827,4381,158,0.42076221108436584
2828,4381,21,0.4207208752632141
2829,4381,4754,0.4207157790660858
2830,4381,2075,0.4206925928592682
2831,4381,2421,0.4206736087799072
2832,4381,1885,0.42064738273620605
2833,4381,2298,0.4206047058105469
2834,4381,3410,0.4205980896949768
2835,4381,1836,0.42058032751083374
2836,4381,3885,0.4203836917877197
2837,4381,4701,0.42037805914878845
2838,4381,6089,0.4203525185585022
2839,4381,3167,0.4203190207481384
2840,4381,4066,0.42029881477355957
2841,4381,82,0.4202814996242523
2842,4381,3605,0.4202103316783905
2843,4381,522,0.4201841652393341
2844,4381,3230,0.42012396454811096
2845,4381,742,0.4200994074344635
2846,4381,2679,0.420095831155777
2847,4381,105,0.42008018493652344
2848,4381,5147,0.42007356882095337
2849,4381,4682,0.4200197756290436
2850,4381,1785,0.419965535402298
2851,4381,1832,0.4199424982070923
2852,4381,2584,0.41989776492118835
2853,4381,412,0.41986095905303955
2854,4381,2660,0.4198600649833679
2855,4381,4338,0.41976967453956604
2856,4381,3012,0.4197557270526886
2857,4381,5944,0.41974636912345886
2858,4381,5040,0.41967394948005676
2859,4381,6011,0.4195803105831146
2860,4381,6249,0.41955721378326416
2861,4381,5816,0.41952285170555115
2862,4381,1234,0.4194953143596649
2863,4381,1508,0.4194715917110443
2864,4381,3978,0.4194182753562927
2865,4381,3801,0.41941821575164795
2866,4381,4530,0.4194073975086212
2867,4381,5716,0.4193383455276489
2868,4381,71,0.41931647062301636
2869,4381,1353,0.41931450366973877
2870,4381,5114,0.4193061888217926
2871,4381,225,0.41929998993873596
2872,4381,4169,0.4192752242088318
2873,4381,2243,0.4192749261856079
2874,4381,4514,0.41926631331443787
2875,4381,2428,0.41926345229148865
2876,4381,5940,0.4192439615726471
2877,4381,3975,0.41919752955436707
2878,4381,3391,0.4190690815448761
2879,4381,1603,0.41904014348983765
2880,4381,3524,0.41895318031311035
2881,4381,3630,0.4189333915710449
2882,4381,2652,0.41884633898735046
2883,4381,2724,0.4188355505466461
2884,4381,6320,0.4187586009502411
2885,4381,9,0.41865912079811096
2886,4381,4479,0.4186515808105469
2887,4381,3000,0.4186396896839142
2888,4381,6369,0.41863730549812317
2889,4381,4082,0.4186174273490906
2890,4381,3453,0.4185963571071625
2891,4381,5425,0.41858530044555664
2892,4381,2910,0.4185508191585541
2893,4381,1349,0.4185183644294739
2894,4381,3187,0.41849151253700256
2895,4381,2137,0.4184750020503998
2896,4381,1369,0.41838914155960083
2897,4381,858,0.4183788597583771
2898,4381,6305,0.4183517396450043
2899,4381,5157,0.4183509945869446
2900,4381,3641,0.41833940148353577
2901,4381,3190,0.41833314299583435
2902,4381,3068,0.4182283878326416
2903,4381,5219,0.4182172119617462
2904,4381,4460,0.41819244623184204
2905,4381,879,0.4181492328643799
2906,4381,5361,0.4180450141429901
2907,4381,5181,0.4180232286453247
2908,4381,5997,0.41801124811172485
2909,4381,1040,0.417939156293869
2910,4381,933,0.4179135859012604
2911,4381,1233,0.4178638160228729
2912,4381,183,0.4178081154823303
2913,4381,1028,0.41780808568000793
2914,4381,4406,0.41777217388153076
2915,4381,5606,0.41776615381240845
2916,4381,4488,0.417723149061203
2917,4381,1875,0.41768908500671387
2918,4381,1731,0.4176812469959259
2919,4381,4796,0.4176199734210968
2920,4381,2360,0.41761314868927
2921,4381,4036,0.4175897538661957
2922,4381,4819,0.4175398051738739
2923,4381,5160,0.41753077507019043
2924,4381,4844,0.41751253604888916
2925,4381,4759,0.4174695909023285
2926,4381,1191,0.4174000918865204
2927,4381,4938,0.4173905849456787
2928,4381,794,0.4173458516597748
2929,4381,6061,0.41731277108192444
2930,4381,4878,0.41727370023727417
2931,4381,2022,0.417222797870636
2932,4381,3835,0.4172227680683136
2933,4381,2696,0.41717424988746643
2934,4381,3798,0.41712915897369385
2935,4381,3749,0.41709622740745544
2936,4381,604,0.4170527160167694
2937,4381,3110,0.41704270243644714
2938,4381,2252,0.4170370101928711
2939,4381,142,0.4170343577861786
2940,4381,2293,0.4170088469982147
2941,4381,203,0.41697824001312256
2942,4381,1477,0.41696715354919434
2943,4381,3095,0.4169614017009735
2944,4381,1105,0.41694802045822144
2945,4381,831,0.41694149374961853
2946,4381,828,0.4169267416000366
2947,4381,3739,0.4168670177459717
2948,4381,4807,0.4168626666069031
2949,4381,5135,0.4167606830596924
2950,4381,2390,0.41669589281082153
2951,4381,3397,0.4166713356971741
2952,4381,668,0.4166356921195984
2953,4381,465,0.41661474108695984
2954,4381,6314,0.4165988862514496
2955,4381,5421,0.4165886640548706
2956,4381,1925,0.4165782034397125
2957,4381,2751,0.41656816005706787
2958,4381,4433,0.41651174426078796
2959,4381,4900,0.4164976179599762
2960,4381,3580,0.4164232909679413
2961,4381,2986,0.4162551462650299
2962,4381,2448,0.4162253439426422
2963,4381,219,0.4161977171897888
2964,4381,2036,0.4161604940891266
2965,4381,803,0.4161541163921356
2966,4381,6285,0.41611531376838684
2967,4381,1595,0.41609057784080505
2968,4381,857,0.41608548164367676
2969,4381,4091,0.4160718023777008
2970,4381,947,0.4160509407520294
2971,4381,242,0.4160054624080658
2972,4381,3432,0.41598498821258545
2973,4381,897,0.4159516394138336
2974,4381,6060,0.41593822836875916
2975,4381,6295,0.4159242510795593
2976,4381,1787,0.41586926579475403
2977,4381,1610,0.4158588647842407
2978,4381,1294,0.4158383011817932
2979,4381,1141,0.41580143570899963
2980,4381,5341,0.415790319442749
2981,4381,4813,0.4157503545284271
2982,4381,1857,0.41573047637939453
2983,4381,1518,0.415724515914917
2984,4381,3570,0.4157116115093231
2985,4381,1899,0.41567543148994446
2986,4381,5177,0.4156641662120819
2987,4381,5179,0.41562551259994507
2988,4381,3157,0.41559717059135437
2989,4381,2008,0.41559281945228577
2990,4381,4731,0.41549554467201233
2991,4381,2089,0.4154244661331177
2992,4381,809,0.4154118001461029
2993,4381,804,0.41533952951431274
2994,4381,722,0.4153183400630951
2995,4381,4510,0.41529974341392517
2996,4381,5877,0.41522762179374695
2997,4381,5221,0.41522327065467834
2998,4381,2128,0.4151255190372467
2999,4381,4822,0.41511261463165283
3000,4381,5223,0.4150543808937073
3001,4381,1157,0.4150109589099884
3002,4381,3083,0.41500192880630493
3003,4381,1929,0.41499194502830505
3004,4381,4323,0.4149387776851654
3005,4381,1522,0.414907306432724
3006,4381,5026,0.4149009585380554
3007,4381,29,0.4148997962474823
3008,4381,1371,0.414896160364151
3009,4381,6175,0.41488343477249146
3010,4381,2516,0.41484707593917847
3011,4381,3421,0.41483360528945923
3012,4381,226,0.4148212671279907
3013,4381,1238,0.41478487849235535
3014,4381,1365,0.41471531987190247
3015,4381,5563,0.414707213640213
3016,4381,1517,0.4146714210510254
3017,4381,3677,0.41464078426361084
3018,4381,2197,0.4145726263523102
3019,4381,5379,0.41457170248031616
3020,4381,1810,0.41448089480400085
3021,4381,767,0.414424329996109
3022,4381,2727,0.4144171476364136
3023,4381,3686,0.4143265187740326
3024,4381,3075,0.4143228828907013
3025,4381,256,0.4143027067184448
3026,4381,2251,0.4142317473888397
3027,4381,2990,0.41421419382095337
3028,4381,859,0.41411343216896057
3029,4381,2370,0.4140583872795105
3030,4381,4603,0.41404926776885986
3031,4381,5699,0.414045512676239
3032,4381,3150,0.4139900207519531
3033,4381,891,0.41389450430870056
3034,4381,3279,0.41389450430870056
3035,4381,501,0.4138696491718292
3036,4381,5332,0.41386523842811584
3037,4381,1163,0.4138123691082001
3038,4381,2488,0.4138079583644867
3039,4381,754,0.41380444169044495
3040,4381,4744,0.4137800633907318
3041,4381,5918,0.4137352705001831
3042,4381,2782,0.4137040078639984
3043,4381,4186,0.4136747419834137
3044,4381,1031,0.4136638641357422
3045,4381,1860,0.41357335448265076
3046,4381,2577,0.4135412275791168
3047,4381,3532,0.4134872853755951
3048,4381,4090,0.41348615288734436
3049,4381,1235,0.41346022486686707
3050,4381,6057,0.4134378731250763
3051,4381,5932,0.4134202301502228
3052,4381,1884,0.4133363664150238
3053,4381,757,0.41332876682281494
3054,4381,5061,0.4132097065448761
3055,4381,2863,0.4131367802619934
3056,4381,5691,0.41312921047210693
3057,4381,4058,0.4130735397338867
3058,4381,5022,0.41306164860725403
3059,4381,2318,0.41305509209632874
3060,4381,1044,0.41302743554115295
3061,4381,4235,0.4129428267478943
3062,4381,5648,0.41284576058387756
3063,4381,1840,0.4128360450267792
3064,4381,652,0.4128105938434601
3065,4381,5001,0.41274702548980713
3066,4381,2259,0.41272178292274475
3067,4381,6165,0.4126438796520233
3068,4381,313,0.4126182496547699
3069,4381,5117,0.4126104414463043
3070,4381,3633,0.4125954508781433
3071,4381,1107,0.4125331938266754
3072,4381,2605,0.4125252962112427
3073,4381,23,0.41250234842300415
3074,4381,3356,0.4124930202960968
3075,4381,2772,0.4124310612678528
3076,4381,4630,0.4124302566051483
3077,4381,2166,0.41232404112815857
3078,4381,3090,0.41231173276901245
3079,4381,4086,0.412272572517395
3080,4381,1468,0.4122341573238373
3081,4381,2653,0.4122021496295929
3082,4381,2112,0.4121115207672119
3083,4381,5491,0.4120783805847168
3084,4381,913,0.41207727789878845
3085,4381,5731,0.41206926107406616
3086,4381,254,0.41197964549064636
3087,4381,6322,0.41194599866867065
3088,4381,88,0.41193559765815735
3089,4381,2255,0.4118805527687073
3090,4381,2017,0.4117930233478546
3091,4381,4781,0.41177454590797424
3092,4381,2768,0.4117005467414856
3093,4381,527,0.41161540150642395
3094,4381,6059,0.4115152060985565
3095,4381,317,0.41149482131004333
3096,4381,2478,0.41148242354393005
3097,4381,2063,0.4114587903022766
3098,4381,2494,0.41142043471336365
3099,4381,3185,0.4114028811454773
3100,4381,2841,0.4113813638687134
3101,4381,2423,0.4113403856754303
3102,4381,3484,0.41127094626426697
3103,4381,1478,0.4111776053905487
3104,4381,3192,0.4111684560775757
3105,4381,3388,0.4110800623893738
3106,4381,1066,0.4110521078109741
3107,4381,573,0.41098490357398987
3108,4381,2792,0.410958856344223
3109,4381,4935,0.41094616055488586
3110,4381,1956,0.41091910004615784
3111,4381,5078,0.41085851192474365
3112,4381,2581,0.4108079969882965
3113,4381,2307,0.41080474853515625
3114,4381,4307,0.4107857644557953
3115,4381,156,0.4106270968914032
3116,4381,485,0.41059941053390503
3117,4381,6153,0.4105779230594635
3118,4381,4040,0.41053223609924316
3119,4381,3825,0.41052886843681335
3120,4381,5096,0.4105181097984314
3121,4381,554,0.4105011224746704
3122,4381,946,0.41049304604530334
3123,4381,4532,0.410447359085083
3124,4381,2181,0.4104330837726593
3125,4381,1187,0.4103926420211792
3126,4381,3494,0.41036465764045715
3127,4381,417,0.410358190536499
3128,4381,39,0.4103286564350128
3129,4381,3720,0.41031157970428467
3130,4381,1697,0.4101985991001129
3131,4381,2674,0.41010814905166626
3132,4381,6048,0.41006699204444885
3133,4381,2355,0.41006574034690857
3134,4381,250,0.4100511968135834
3135,4381,938,0.4100383222103119
3136,4381,6404,0.4100132882595062
3137,4381,3817,0.41000354290008545
3138,4381,6260,0.4099840521812439
3139,4381,6395,0.40991872549057007
3140,4381,182,0.4098797142505646
3141,4381,1493,0.40979433059692383
3142,4381,6376,0.4097210168838501
3143,4381,3498,0.40970686078071594
3144,4381,2054,0.4096427261829376
3145,4381,1552,0.409631609916687
3146,4381,6268,0.4096280634403229
3147,4381,976,0.40958768129348755
3148,4381,1963,0.4095722436904907
3149,4381,4180,0.40947678685188293
3150,4381,2287,0.4094422161579132
3151,4381,3026,0.4094253480434418
3152,4381,2971,0.4094226360321045
3153,4381,4193,0.40939655900001526
3154,4381,4395,0.40938520431518555
3155,4381,2832,0.4093473553657532
3156,4381,3785,0.40932905673980713
3157,4381,5676,0.40932759642601013
3158,4381,487,0.4092954993247986
3159,4381,4620,0.4092409312725067
3160,4381,2091,0.4092036783695221
3161,4381,925,0.4091652035713196
3162,4381,3574,0.40915820002555847
3163,4381,4073,0.40912580490112305
3164,4381,5373,0.40911924839019775
3165,4381,2129,0.4091009795665741
3166,4381,5201,0.40909382700920105
3167,4381,3149,0.40906307101249695
3168,4381,2146,0.4090445935726166
3169,4381,2570,0.4090343713760376
3170,4381,4817,0.4090324640274048
3171,4381,5041,0.4090123176574707
3172,4381,2387,0.4089744985103607
3173,4381,2434,0.4088382422924042
3174,4381,3409,0.40883687138557434
3175,4381,470,0.4088321626186371
3176,4381,251,0.40882301330566406
3177,4381,5981,0.40881186723709106
3178,4381,4820,0.40881145000457764
3179,4381,6159,0.4087797999382019
3180,4381,2154,0.40876904129981995
3181,4381,3040,0.4087076485157013
3182,4381,5165,0.40868595242500305
3183,4381,5133,0.4086836576461792
3184,4381,4447,0.40866774320602417
3185,4381,1161,0.4086577296257019
3186,4381,3113,0.40862011909484863
3187,4381,989,0.4086002707481384
3188,4381,2359,0.4085957407951355
3189,4381,1866,0.40857183933258057
3190,4381,1946,0.40852802991867065
3191,4381,2088,0.40852493047714233
3192,4381,1869,0.40852493047714233
3193,4381,2634,0.4084995985031128
3194,4381,3566,0.4084620177745819
3195,4381,228,0.4084584712982178
3196,4381,533,0.4083847999572754
3197,4381,5359,0.40836235880851746
3198,4381,5280,0.408313512802124
3199,4381,1957,0.40829354524612427
3200,4381,659,0.40823784470558167
3201,4381,3747,0.4082264006137848
3202,4381,6118,0.40820974111557007
3203,4381,581,0.40810778737068176
3204,4381,6267,0.40807318687438965
3205,4381,781,0.40802228450775146
3206,4381,5807,0.4080127775669098
3207,4381,6095,0.4079965651035309
3208,4381,220,0.40799567103385925
3209,4381,5119,0.40797659754753113
3210,4381,5136,0.4079531729221344
3211,4381,538,0.40789252519607544
3212,4381,5308,0.40786033868789673
3213,4381,5914,0.40785664319992065
3214,4381,4656,0.4078446924686432
3215,4381,5420,0.4078439474105835
3216,4381,4943,0.40781310200691223
3217,4381,5983,0.4076611399650574
3218,4381,2187,0.40764960646629333
3219,4381,904,0.407566100358963
3220,4381,5056,0.4075629711151123
3221,4381,3976,0.40755271911621094
3222,4381,2211,0.4075271189212799
3223,4381,1465,0.40752506256103516
3224,4381,4711,0.4074893295764923
3225,4381,3797,0.40747788548469543
3226,4381,5571,0.4074631929397583
3227,4381,5706,0.40746256709098816
3228,4381,700,0.40743288397789
3229,4381,3146,0.40735694766044617
3230,4381,260,0.407257616519928
3231,4381,556,0.40725189447402954
3232,4381,4023,0.40724754333496094
3233,4381,4885,0.4072379469871521
3234,4381,763,0.407182514667511
3235,4381,5568,0.4071655571460724
3236,4381,5960,0.40713420510292053
3237,4381,863,0.4071294069290161
3238,4381,5098,0.40712258219718933
3239,4381,2529,0.4069584310054779
3240,4381,1923,0.4068323075771332
3241,4381,6177,0.4067976772785187
3242,4381,660,0.4067646265029907
3243,4381,3533,0.40673625469207764
3244,4381,1328,0.4067292809486389
3245,4381,5129,0.40672850608825684
3246,4381,1727,0.40668943524360657
3247,4381,1755,0.4065064787864685
3248,4381,4623,0.40650248527526855
3249,4381,1499,0.4064617156982422
3250,4381,1746,0.40643784403800964
3251,4381,6202,0.4063870906829834
3252,4381,789,0.40631115436553955
3253,4381,2741,0.40620753169059753
3254,4381,1567,0.4060632884502411
3255,4381,1642,0.4060545265674591
3256,4381,2690,0.40601760149002075
3257,4381,4174,0.406011700630188
3258,4381,2191,0.405996173620224
3259,4381,3890,0.4059681296348572
3260,4381,3737,0.40596330165863037
3261,4381,4995,0.405892938375473
3262,4381,1312,0.4058907628059387
3263,4381,3735,0.40587249398231506
3264,4381,2014,0.4058554172515869
3265,4381,5301,0.40583541989326477
3266,4381,5128,0.4057944118976593
3267,4381,1651,0.40576058626174927
3268,4381,1069,0.40574103593826294
3269,4381,562,0.40571728348731995
3270,4381,3339,0.4057157337665558
3271,4381,1996,0.4057069420814514
3272,4381,1790,0.4056392014026642
3273,4381,1738,0.4056057631969452
3274,4381,5019,0.40558183193206787
3275,4381,2865,0.4054920971393585
3276,4381,1913,0.4054749011993408
3277,4381,5469,0.40543004870414734
3278,4381,3441,0.40539488196372986
3279,4381,3104,0.405370831489563
3280,4381,6110,0.4053482115268707
3281,4381,4100,0.40530508756637573
3282,4381,2309,0.4052635431289673
3283,4381,3285,0.40525302290916443
3284,4381,4913,0.4052284061908722
3285,4381,4164,0.40521836280822754
3286,4381,421,0.4052121341228485
3287,4381,81,0.40513667464256287
3288,4381,2349,0.4051239788532257
3289,4381,4265,0.40511539578437805
3290,4381,3191,0.4051132798194885
3291,4381,6266,0.4050566256046295
3292,4381,2681,0.40502721071243286
3293,4381,5972,0.4049476087093353
3294,4381,5555,0.4049101173877716
3295,4381,4238,0.4049036502838135
3296,4381,3341,0.40484654903411865
3297,4381,5126,0.40482065081596375
3298,4381,2913,0.4047306478023529
3299,4381,5594,0.4047200381755829
3300,4381,3176,0.4047107994556427
3301,4381,3880,0.40468230843544006
3302,4381,5163,0.4045393168926239
3303,4381,3701,0.4044988751411438
3304,4381,4386,0.40445220470428467
3305,4381,3861,0.4044434428215027
3306,4381,5663,0.404374897480011
3307,4381,3639,0.404371440410614
3308,4381,2302,0.40436747670173645
3309,4381,1246,0.4043571352958679
3310,4381,6391,0.4043215215206146
3311,4381,3302,0.4042994976043701
3312,4381,4503,0.4042815864086151
3313,4381,3089,0.40421897172927856
3314,4381,2215,0.4042072594165802
3315,4381,1408,0.404177725315094
3316,4381,1277,0.4041266143321991
3317,4381,3121,0.4041036069393158
3318,4381,2780,0.40406203269958496
3319,4381,5305,0.40402403473854065
3320,4381,3386,0.4039444029331207
3321,4381,3173,0.4039238393306732
3322,4381,4081,0.40382322669029236
3323,4381,5907,0.40381017327308655
3324,4381,4811,0.4037923216819763
3325,4381,2909,0.4037590026855469
3326,4381,3462,0.4037286043167114
3327,4381,1908,0.40368029475212097
3328,4381,507,0.4036640226840973
3329,4381,259,0.40360331535339355
3330,4381,4601,0.40358301997184753
3331,4381,2821,0.40356943011283875
3332,4381,185,0.40352383255958557
3333,4381,2593,0.40351438522338867
3334,4381,1142,0.4035123586654663
3335,4381,1199,0.40349236130714417
3336,4381,3219,0.40341126918792725
3337,4381,926,0.4034038484096527
3338,4381,980,0.40335848927497864
3339,4381,5112,0.4033406376838684
3340,4381,2034,0.403339147567749
3341,4381,864,0.40329709649086
3342,4381,2167,0.4032937288284302
3343,4381,3703,0.4031500816345215
3344,4381,3942,0.40312424302101135
3345,4381,110,0.40308040380477905
3346,4381,2810,0.40307462215423584
3347,4381,3711,0.4029785990715027
3348,4381,3934,0.4029512107372284
3349,4381,4317,0.4029391407966614
3350,4381,5630,0.40293166041374207
3351,4381,2694,0.4029052257537842
3352,4381,1568,0.4028495252132416
3353,4381,1565,0.4027537405490875
3354,4381,134,0.40275195240974426
3355,4381,3242,0.4027034342288971
3356,4381,4450,0.4026951491832733
3357,4381,3445,0.40269482135772705
3358,4381,1922,0.40268009901046753
3359,4381,3986,0.40265974402427673
3360,4381,2994,0.40265771746635437
3361,4381,2730,0.40262487530708313
3362,4381,4199,0.40260207653045654
3363,4381,4231,0.4025990962982178
3364,4381,2378,0.40255895256996155
3365,4381,2122,0.40254271030426025
3366,4381,6199,0.4024305045604706
3367,4381,3607,0.40237507224082947
3368,4381,2001,0.40235114097595215
3369,4381,2644,0.40234795212745667
3370,4381,4060,0.40228891372680664
3371,4381,5399,0.40227189660072327
3372,4381,2854,0.40224218368530273
3373,4381,2043,0.40223580598831177
3374,4381,4699,0.40223559737205505
3375,4381,4921,0.4022013247013092
3376,4381,4846,0.4021899402141571
3377,4381,5053,0.4021706283092499
3378,4381,2180,0.40211692452430725
3379,4381,671,0.40210115909576416
3380,4381,921,0.4020964205265045
3381,4381,2552,0.4020925760269165
3382,4381,744,0.4020865261554718
3383,4381,2531,0.40203386545181274
3384,4381,113,0.4020094573497772
3385,4381,1952,0.40196534991264343
3386,4381,6344,0.4019625782966614
3387,4381,3502,0.4018985331058502
3388,4381,3165,0.40188875794410706
3389,4381,3637,0.4018779695034027
3390,4381,1543,0.40186241269111633
3391,4381,3552,0.4017917513847351
3392,4381,3577,0.4017832279205322
3393,4381,945,0.40174081921577454
3394,4381,215,0.4017108380794525
3395,4381,1511,0.40170466899871826
3396,4381,6236,0.4017046391963959
3397,4381,2194,0.4016830027103424
3398,4381,4569,0.40167903900146484
3399,4381,1032,0.40166959166526794
3400,4381,5267,0.40159517526626587
3401,4381,3899,0.40159499645233154
3402,4381,658,0.40158629417419434
3403,4381,4751,0.401550829410553
3404,4381,1611,0.40145736932754517
3405,4381,5224,0.40138188004493713
3406,4381,1791,0.4013781249523163
3407,4381,2493,0.4013734757900238
3408,4381,369,0.4013565182685852
3409,4381,1236,0.4013384282588959
3410,4381,3682,0.4013160169124603
3411,4381,2377,0.4012938439846039
3412,4381,909,0.4012666642665863
3413,4381,2974,0.40121760964393616
3414,4381,3189,0.4011549651622772
3415,4381,1381,0.4011017084121704
3416,4381,1412,0.4010963439941406
3417,4381,3073,0.40108153223991394
3418,4381,5896,0.4010298252105713
3419,4381,4502,0.4010019898414612
3420,4381,2894,0.40093204379081726
3421,4381,4485,0.4008274972438812
3422,4381,3370,0.4007885754108429
3423,4381,4714,0.4006151854991913
3424,4381,4471,0.4006103277206421
3425,4381,2625,0.4006042182445526
3426,4381,628,0.4006012976169586
3427,4381,4948,0.40059947967529297
3428,4381,2606,0.40053310990333557
3429,4381,3436,0.40052855014801025
3430,4381,3759,0.4005190134048462
3431,4381,2223,0.40044477581977844
3432,4381,3153,0.40044084191322327
3433,4381,2848,0.40042680501937866
3434,4381,3418,0.4004019796848297
3435,4381,2984,0.40040111541748047
3436,4381,170,0.4003898501396179
3437,4381,4567,0.40036940574645996
3438,4381,6166,0.40031906962394714
3439,4381,4320,0.40029099583625793
3440,4381,5644,0.40026354789733887
3441,4381,6220,0.4002451002597809
3442,4381,2523,0.400236040353775
3443,4381,4181,0.4002314805984497
3444,4381,1812,0.40021583437919617
3445,4381,778,0.400183767080307
3446,4381,969,0.4001423716545105
3447,4381,2415,0.4000646471977234
3448,4381,5186,0.4000541567802429
3449,4381,5915,0.40005403757095337
3450,4381,1974,0.39999473094940186
3451,4381,2928,0.39990469813346863
3452,4381,95,0.39987123012542725
3453,4381,4712,0.39980819821357727
3454,4381,356,0.39979690313339233
3455,4381,5443,0.39978593587875366
3456,4381,5144,0.39973410964012146
3457,4381,3439,0.39960992336273193
3458,4381,6161,0.3995978832244873
3459,4381,6007,0.3995886445045471
3460,4381,5321,0.39958322048187256
3461,4381,5345,0.39958271384239197
3462,4381,3275,0.3995800316333771
3463,4381,5667,0.39951175451278687
3464,4381,688,0.39950665831565857
3465,4381,2610,0.399461567401886
3466,4381,2076,0.39940598607063293
3467,4381,6157,0.39936667680740356
3468,4381,2300,0.3993615508079529
3469,4381,3958,0.39935290813446045
3470,4381,6207,0.3993518054485321
3471,4381,6173,0.3993039131164551
3472,4381,6418,0.39921966195106506
3473,4381,1851,0.3991810977458954
3474,4381,5873,0.3991749882698059
3475,4381,1222,0.39914143085479736
3476,4381,3515,0.399127721786499
3477,4381,5760,0.3990882635116577
3478,4381,277,0.3990684151649475
3479,4381,5369,0.39905092120170593
3480,4381,3056,0.3990393280982971
3481,4381,1403,0.39901015162467957
3482,4381,1524,0.39897826313972473
3483,4381,1801,0.3989160656929016
3484,4381,129,0.39880821108818054
3485,4381,2289,0.39880555868148804
3486,4381,2737,0.3988018035888672
3487,4381,1061,0.3987763226032257
3488,4381,3232,0.3987705111503601
3489,4381,1273,0.3986875116825104
3490,4381,2417,0.3986758589744568
3491,4381,4244,0.39865219593048096
3492,4381,3540,0.3986503481864929
3493,4381,5210,0.3986034691333771
3494,4381,3374,0.3985914885997772
3495,4381,3373,0.39852750301361084
3496,4381,6108,0.3984409272670746
3497,4381,2213,0.3984363079071045
3498,4381,2095,0.3984363079071045
3499,4381,1174,0.39839687943458557
3500,4381,1485,0.39837586879730225
3501,4381,689,0.3983353078365326
3502,4381,5153,0.39821770787239075
3503,4381,4944,0.3981860876083374
3504,4381,6055,0.3981410264968872
3505,4381,2306,0.39813879132270813
3506,4381,2134,0.39810654520988464
3507,4381,3904,0.398102730512619
3508,4381,4480,0.3980865478515625
3509,4381,3529,0.39808645844459534
3510,4381,3414,0.39806199073791504
3511,4381,1591,0.3980575203895569
3512,4381,3665,0.3979667127132416
3513,4381,2202,0.39795738458633423
3514,4381,1155,0.39782121777534485
3515,4381,5450,0.3978134095668793
3516,4381,413,0.3978096842765808
3517,4381,1550,0.3977660536766052
3518,4381,5596,0.39776113629341125
3519,4381,94,0.3977479934692383
3520,4381,5955,0.39774608612060547
3521,4381,4474,0.39768052101135254
3522,4381,698,0.39763668179512024
3523,4381,2456,0.3976360261440277
3524,4381,5290,0.39762675762176514
3525,4381,5864,0.3975810408592224
3526,4381,5064,0.3975731432437897
3527,4381,2472,0.3975459039211273
3528,4381,2615,0.39754459261894226
3529,4381,4954,0.3975081741809845
3530,4381,4808,0.397473007440567
3531,4381,4903,0.39747166633605957
3532,4381,3300,0.39746493101119995
3533,4381,949,0.3974531292915344
3534,4381,5059,0.3974250555038452
3535,4381,2801,0.3973941504955292
3536,4381,3020,0.3973413407802582
3537,4381,5161,0.3973267376422882
3538,4381,379,0.3972642421722412
3539,4381,389,0.39713966846466064
3540,4381,5103,0.39712294936180115
3541,4381,1767,0.3971017599105835
3542,4381,5879,0.39706146717071533
3543,4381,6254,0.3970305621623993
3544,4381,6281,0.3970000743865967
3545,4381,5455,0.3969452977180481
3546,4381,6334,0.39687663316726685
3547,4381,3965,0.39687174558639526
3548,4381,4816,0.3968541920185089
3549,4381,3446,0.39682090282440186
3550,4381,2623,0.3968190848827362
3551,4381,5851,0.39680400490760803
3552,4381,3354,0.39675700664520264
3553,4381,3361,0.39674460887908936
3554,4381,2398,0.3967185318470001
3555,4381,5859,0.3966594338417053
3556,4381,665,0.3966556787490845
3557,4381,1268,0.3966410458087921
3558,4381,5079,0.39659184217453003
3559,4381,1113,0.3965896666049957
3560,4381,3659,0.39644530415534973
3561,4381,2334,0.39643704891204834
3562,4381,3961,0.3964097797870636
3563,4381,2708,0.39640673995018005
3564,4381,3366,0.39635521173477173
3565,4381,5502,0.3963198661804199
3566,4381,2413,0.39630019664764404
3567,4381,3688,0.3962728977203369
3568,4381,750,0.39626047015190125
3569,4381,467,0.39614906907081604
3570,4381,5273,0.3961459994316101
3571,4381,5993,0.3961411118507385
3572,4381,5205,0.3960758447647095
3573,4381,4273,0.3960377275943756
3574,4381,2721,0.3960334360599518
3575,4381,922,0.3959313929080963
3576,4381,4017,0.3959132134914398
3577,4381,2607,0.39590689539909363
3578,4381,2047,0.395870178937912
3579,4381,3299,0.3958263397216797
3580,4381,2460,0.39581620693206787
3581,4381,787,0.3957879841327667
3582,4381,4166,0.3957877457141876
3583,4381,836,0.39576616883277893
3584,4381,1320,0.39569491147994995
3585,4381,1350,0.39569491147994995
3586,4381,4635,0.39563456177711487
3587,4381,1313,0.3955937325954437
3588,4381,3906,0.3955865800380707
3589,4381,3492,0.3955441117286682
3590,4381,4595,0.395528107881546
3591,4381,315,0.3954966366291046
3592,4381,3333,0.3954949378967285
3593,4381,783,0.3954910635948181
3594,4381,5684,0.395474374294281
3595,4381,1786,0.39546921849250793
3596,4381,4158,0.39542174339294434
3597,4381,1289,0.3953671157360077
3598,4381,1220,0.39535418152809143
3599,4381,1361,0.39533886313438416
3600,4381,4667,0.3953244686126709
3601,4381,3396,0.39527052640914917
3602,4381,984,0.39526858925819397
3603,4381,1657,0.3952453136444092
3604,4381,3604,0.3952334523200989
3605,4381,1848,0.3952164947986603
3606,4381,4666,0.3950304687023163
3607,4381,5573,0.3949955403804779
3608,4381,3591,0.3949870467185974
3609,4381,1315,0.3949768841266632
3610,4381,1795,0.3949536681175232
3611,4381,432,0.394939661026001
3612,4381,5187,0.39493829011917114
3613,4381,5710,0.39493468403816223
3614,4381,5683,0.39492717385292053
3615,4381,5852,0.3948780298233032
3616,4381,4801,0.3948359787464142
3617,4381,6035,0.39479970932006836
3618,4381,4455,0.39479222893714905
3619,4381,4167,0.3946942687034607
3620,4381,5090,0.39466825127601624
3621,4381,5587,0.39465051889419556
3622,4381,5145,0.3946116268634796
3623,4381,5655,0.39457976818084717
3624,4381,2145,0.39456942677497864
3625,4381,6067,0.3945288360118866
3626,4381,6097,0.3945172429084778
3627,4381,4738,0.3944878578186035
3628,4381,5958,0.39441943168640137
3629,4381,3506,0.3944089412689209
3630,4381,6235,0.39439383149147034
3631,4381,1782,0.39435750246047974
3632,4381,4800,0.3943431079387665
3633,4381,119,0.394309937953949
3634,4381,3278,0.3942737877368927
3635,4381,479,0.39421766996383667
3636,4381,1718,0.3942127823829651
3637,4381,2011,0.3941807746887207
3638,4381,1081,0.39416879415512085
3639,4381,2669,0.39414581656455994
3640,4381,3186,0.394106388092041
3641,4381,3546,0.394046813249588
3642,4381,779,0.39399364590644836
3643,4381,5694,0.3939928114414215
3644,4381,422,0.3939779996871948
3645,4381,1358,0.39392656087875366
3646,4381,1635,0.39386555552482605
3647,4381,1357,0.3938581645488739
3648,4381,3594,0.3937860429286957
3649,4381,2018,0.3937831521034241
3650,4381,5933,0.39377743005752563
3651,4381,2571,0.3937308192253113
3652,4381,2409,0.3936987817287445
3653,4381,6079,0.3936977684497833
3654,4381,1780,0.3936959207057953
3655,4381,4602,0.39365440607070923
3656,4381,4673,0.39363768696784973
3657,4381,3505,0.39359474182128906
3658,4381,3395,0.3935823142528534
3659,4381,5200,0.3934899866580963
3660,4381,2070,0.393476665019989
3661,4381,1877,0.393476665019989
3662,4381,978,0.39346033334732056
3663,4381,834,0.39338070154190063
3664,4381,713,0.39337846636772156
3665,4381,2284,0.3933550715446472
3666,4381,2153,0.39335504174232483
3667,4381,1933,0.3932880759239197
3668,4381,923,0.3932662606239319
3669,4381,755,0.3932162821292877
3670,4381,4539,0.3931880593299866
3671,4381,3809,0.3931503891944885
3672,4381,508,0.3931454122066498
3673,4381,6347,0.3931409418582916
3674,4381,547,0.3930954337120056
3675,4381,1010,0.3930853009223938
3676,4381,4052,0.39301618933677673
3677,4381,3158,0.3929939568042755
3678,4381,4185,0.3929937183856964
3679,4381,4151,0.392976850271225
3680,4381,6024,0.3928225040435791
3681,4381,2408,0.39281994104385376
3682,4381,1064,0.3928002715110779
3683,4381,1374,0.3927992284297943
3684,4381,6126,0.39277252554893494
3685,4381,1850,0.3927549719810486
3686,4381,788,0.39263907074928284
3687,4381,2115,0.39257824420928955
3688,4381,3460,0.3925286829471588
3689,4381,4719,0.39247599244117737
3690,4381,2144,0.39247143268585205
3691,4381,2840,0.39246851205825806
3692,4381,5650,0.3924616277217865
3693,4381,1092,0.39243844151496887
3694,4381,1013,0.3923302888870239
3695,4381,5826,0.39232733845710754
3696,4381,4398,0.3922842741012573
3697,4381,5878,0.39226335287094116
3698,4381,1186,0.39224642515182495
3699,4381,1540,0.39224526286125183
3700,4381,1252,0.3921145796775818
3701,4381,5490,0.3920680284500122
3702,4381,5815,0.3919939696788788
3703,4381,5590,0.3918776214122772
3704,4381,5849,0.3918122947216034
3705,4381,2976,0.3918013870716095
3706,4381,2987,0.39179933071136475
3707,4381,2080,0.39172035455703735
3708,4381,3926,0.3916083574295044
3709,4381,4122,0.39152389764785767
3710,4381,4997,0.39151546359062195
3711,4381,2958,0.39144572615623474
3712,4381,1177,0.39143556356430054
3713,4381,3728,0.3913940191268921
3714,4381,3291,0.3913661539554596
3715,4381,3402,0.39135539531707764
3716,4381,2286,0.3913261592388153
3717,4381,3282,0.39131638407707214
3718,4381,2077,0.39129701256752014
3719,4381,2315,0.3912223279476166
3720,4381,1608,0.3911954462528229
3721,4381,5005,0.3911186456680298
3722,4381,3512,0.39111295342445374
3723,4381,4908,0.39109882712364197
3724,4381,3717,0.39102622866630554
3725,4381,3710,0.39094385504722595
3726,4381,931,0.39094093441963196
3727,4381,5536,0.39093950390815735
3728,4381,675,0.39092782139778137
3729,4381,3181,0.3909180462360382
3730,4381,5809,0.3908524811267853
3731,4381,5441,0.390834242105484
3732,4381,1218,0.3908039331436157
3733,4381,2093,0.3907369375228882
3734,4381,1873,0.3906888961791992
3735,4381,377,0.39068594574928284
3736,4381,6409,0.39063119888305664
3737,4381,4737,0.39057525992393494
3738,4381,4000,0.3905652165412903
3739,4381,3796,0.39053088426589966
3740,4381,6329,0.3904302716255188
3741,4381,443,0.390414834022522
3742,4381,3664,0.39037850499153137
3743,4381,6258,0.39036864042282104
3744,4381,733,0.3903372883796692
3745,4381,3730,0.3903268277645111
3746,4381,2486,0.3902726173400879
3747,4381,3263,0.39024510979652405
3748,4381,1719,0.39015400409698486
3749,4381,677,0.3900909423828125
3750,4381,5735,0.3900293707847595
3751,4381,5582,0.39001357555389404
3752,4381,2234,0.38999849557876587
3753,4381,5166,0.3899407684803009
3754,4381,1135,0.389906108379364
3755,4381,2891,0.3898971378803253
3756,4381,4881,0.3898812234401703
3757,4381,3114,0.3898557126522064
3758,4381,1798,0.38984543085098267
3759,4381,919,0.38977593183517456
3760,4381,2651,0.3897494375705719
3761,4381,5351,0.3897389769554138
3762,4381,2141,0.38971710205078125
3763,4381,4028,0.3896504342556
3764,4381,4768,0.3895992040634155
3765,4381,4209,0.3895891308784485
3766,4381,2497,0.38955095410346985
3767,4381,5347,0.38953179121017456
3768,4381,2587,0.3895038664340973
3769,4381,4892,0.38946545124053955
3770,4381,2573,0.3894273042678833
3771,4381,4947,0.38940539956092834
3772,4381,850,0.3893994390964508
3773,4381,3367,0.38937410712242126
3774,4381,4175,0.38935133814811707
3775,4381,6400,0.3893497586250305
3776,4381,1225,0.3893476724624634
3777,4381,1341,0.3893468379974365
3778,4381,3743,0.3893330991268158
3779,4381,3144,0.38931822776794434
3780,4381,1383,0.3892606198787689
3781,4381,3053,0.3891921639442444
3782,4381,4065,0.3891836106777191
3783,4381,2518,0.3891478180885315
3784,4381,5411,0.3891445994377136
3785,4381,1475,0.38914409279823303
3786,4381,3871,0.3891277015209198
3787,4381,1309,0.38909417390823364
3788,4381,4401,0.3890627920627594
3789,4381,860,0.38901636004447937
3790,4381,1079,0.3890049457550049
3791,4381,6195,0.3890036344528198
3792,4381,2753,0.3889888525009155
3793,4381,1968,0.3889869153499603
3794,4381,509,0.3889615535736084
3795,4381,1331,0.388898104429245
3796,4381,3991,0.3888939321041107
3797,4381,5080,0.38887155055999756
3798,4381,6424,0.3888534605503082
3799,4381,2686,0.38884100317955017
3800,4381,4631,0.38881248235702515
3801,4381,6205,0.38880929350852966
3802,4381,4161,0.38875555992126465
3803,4381,4272,0.38875120878219604
3804,4381,4694,0.3887346684932709
3805,4381,472,0.388654500246048
3806,4381,3598,0.38865187764167786
3807,4381,3616,0.3886391520500183
3808,4381,5257,0.38856241106987
3809,4381,4964,0.3884701430797577
3810,4381,5084,0.3884655237197876
3811,4381,2130,0.388431191444397
3812,4381,5175,0.3884193003177643
3813,4381,4775,0.3883800804615021
3814,4381,4632,0.38835373520851135
3815,4381,3147,0.3883327841758728
3816,4381,657,0.3882943391799927
3817,4381,2345,0.38823968172073364
3818,4381,4099,0.38816994428634644
3819,4381,1122,0.3881419599056244
3820,4381,3674,0.38813942670822144
3821,4381,3486,0.3881344199180603
3822,4381,1171,0.38812312483787537
3823,4381,5447,0.38809481263160706
3824,4381,6392,0.3880864083766937
3825,4381,4156,0.3880711793899536
3826,4381,6308,0.3880663812160492
3827,4381,4284,0.3880123794078827
3828,4381,693,0.3879617750644684
3829,4381,1504,0.38795116543769836
3830,4381,1492,0.3879510462284088
3831,4381,5431,0.3879212737083435
3832,4381,5010,0.38791951537132263
3833,4381,5174,0.3878841698169708
3834,4381,1382,0.3878674805164337
3835,4381,1451,0.38784679770469666
3836,4381,997,0.3878447413444519
3837,4381,2221,0.38776227831840515
3838,4381,3413,0.3877411484718323
3839,4381,6002,0.3877303898334503
3840,4381,2290,0.38772785663604736
3841,4381,3338,0.3877120614051819
3842,4381,6278,0.38769590854644775
3843,4381,5949,0.3876548707485199
3844,4381,367,0.38763919472694397
3845,4381,2907,0.38760730624198914
3846,4381,4216,0.38754934072494507
3847,4381,3470,0.38753893971443176
3848,4381,4772,0.3874853253364563
3849,4381,2051,0.387481153011322
3850,4381,495,0.38746365904808044
3851,4381,4942,0.38742727041244507
3852,4381,708,0.3874153792858124
3853,4381,4043,0.38740742206573486
3854,4381,1997,0.38737618923187256
3855,4381,1633,0.3873554766178131
3856,4381,5623,0.38734880089759827
3857,4381,4074,0.3873097002506256
3858,4381,687,0.38730713725090027
3859,4381,2170,0.3872930407524109
3860,4381,1881,0.3872140645980835
3861,4381,5438,0.3871976137161255
3862,4381,1200,0.3871845006942749
3863,4381,2178,0.38712215423583984
3864,4381,747,0.3870806097984314
3865,4381,11,0.3870755732059479
3866,4381,2734,0.3869165778160095
3867,4381,2834,0.386904776096344
3868,4381,1027,0.3868055045604706
3869,4381,3768,0.38678616285324097
3870,4381,4554,0.3867405652999878
3871,4381,5929,0.3867185711860657
3872,4381,6083,0.38663962483406067
3873,4381,4328,0.3866236209869385
3874,4381,5611,0.38661980628967285
3875,4381,2361,0.38657644391059875
3876,4381,5841,0.386570543050766
3877,4381,78,0.3865106403827667
3878,4381,2950,0.38640323281288147
3879,4381,3209,0.38634324073791504
3880,4381,2160,0.3863045573234558
3881,4381,1691,0.3862813115119934
3882,4381,5167,0.38627293705940247
3883,4381,752,0.3861929774284363
3884,4381,316,0.38617852330207825
3885,4381,4134,0.3861032724380493
3886,4381,2618,0.38609662652015686
3887,4381,3792,0.38605979084968567
3888,4381,3030,0.386043906211853
3889,4381,410,0.3859681487083435
3890,4381,4833,0.3858950436115265
3891,4381,3731,0.38583123683929443
3892,4381,3790,0.38579222559928894
3893,4381,67,0.3857324719429016
3894,4381,3910,0.3856690526008606
3895,4381,5091,0.3856668472290039
3896,4381,5994,0.38563546538352966
3897,4381,4765,0.38562870025634766
3898,4381,1211,0.3855663239955902
3899,4381,549,0.38555586338043213
3900,4381,963,0.38554054498672485
3901,4381,3522,0.3855368196964264
3902,4381,6251,0.38549718260765076
3903,4381,4785,0.3854803740978241
3904,4381,2453,0.38544967770576477
3905,4381,6160,0.3853661119937897
3906,4381,2977,0.385341614484787
3907,4381,3918,0.38531360030174255
3908,4381,3767,0.38530465960502625
3909,4381,1569,0.3852411210536957
3910,4381,2621,0.38521912693977356
3911,4381,4025,0.3851465880870819
3912,4381,5968,0.38500773906707764
3913,4381,2636,0.38500338792800903
3914,4381,41,0.3849838078022003
3915,4381,6216,0.3849736154079437
3916,4381,2244,0.3849264681339264
3917,4381,3837,0.3849036693572998
3918,4381,3980,0.38489779829978943
3919,4381,3164,0.3847927749156952
3920,4381,2858,0.3847748041152954
3921,4381,1947,0.384692519903183
3922,4381,5713,0.38460496068000793
3923,4381,1183,0.3845546841621399
3924,4381,5234,0.38451114296913147
3925,4381,25,0.38439512252807617
3926,4381,6085,0.38436806201934814
3927,4381,3921,0.38434550166130066
3928,4381,5682,0.38431110978126526
3929,4381,3661,0.38431042432785034
3930,4381,309,0.38430193066596985
3931,4381,992,0.3842722177505493
3932,4381,4799,0.3842200040817261
3933,4381,1666,0.3841940760612488
3934,4381,1554,0.38407599925994873
3935,4381,3281,0.3840670883655548
3936,4381,6092,0.3840194344520569
3937,4381,5803,0.3839817941188812
3938,4381,5028,0.38394591212272644
3939,4381,655,0.383929580450058
3940,4381,3411,0.3839285671710968
3941,4381,1167,0.3839150369167328
3942,4381,5423,0.38386404514312744
3943,4381,2866,0.38386017084121704
3944,4381,5964,0.38378849625587463
3945,4381,3452,0.38366618752479553
3946,4381,882,0.38364720344543457
3947,4381,5331,0.3836402893066406
3948,4381,666,0.3835732638835907
3949,4381,5134,0.3834996521472931
3950,4381,5761,0.3834295868873596
3951,4381,3142,0.3833481967449188
3952,4381,3357,0.3833361268043518
3953,4381,440,0.3833344876766205
3954,4381,5567,0.3833325505256653
3955,4381,1332,0.38332173228263855
3956,4381,1429,0.38321882486343384
3957,4381,895,0.3832104504108429
3958,4381,415,0.38320061564445496
3959,4381,2705,0.38317790627479553
3960,4381,2839,0.38306868076324463
3961,4381,5188,0.3830587863922119
3962,4381,3822,0.3830532431602478
3963,4381,2099,0.38302674889564514
3964,4381,5919,0.38300812244415283
3965,4381,3614,0.3829486668109894
3966,4381,4867,0.3829224705696106
3967,4381,1435,0.3828815817832947
3968,4381,4056,0.3828139305114746
3969,4381,5415,0.38280317187309265
3970,4381,4748,0.38276228308677673
3971,4381,3461,0.3827420473098755
3972,4381,966,0.3827284872531891
3973,4381,3772,0.3827112913131714
3974,4381,5687,0.38254666328430176
3975,4381,6171,0.3825421929359436
3976,4381,1180,0.3825317919254303
3977,4381,5197,0.3825294077396393
3978,4381,433,0.38252222537994385
3979,4381,3086,0.38251033425331116
3980,4381,1766,0.38245537877082825
3981,4381,5512,0.38243868947029114
3982,4381,2825,0.3824176490306854
3983,4381,2662,0.38231509923934937
3984,4381,621,0.38230228424072266
3985,4381,3358,0.382292240858078
3986,4381,3371,0.38213202357292175
3987,4381,4753,0.38212618231773376
3988,4381,4013,0.38212403655052185
3989,4381,4496,0.3821060061454773
3990,4381,1758,0.38209354877471924
3991,4381,3372,0.382087379693985
3992,4381,3145,0.382052481174469
3993,4381,4612,0.38203397393226624
3994,4381,4868,0.3820267915725708
3995,4381,3902,0.38199740648269653
3996,4381,5707,0.3819715678691864
3997,4381,5190,0.3819602429866791
3998,4381,1023,0.381928026676178
3999,4381,2881,0.3819146752357483
4000,4381,4841,0.3819084167480469
4001,4381,48,0.38190823793411255
4002,4381,5412,0.3819007873535156
4003,4381,307,0.38189077377319336
4004,4381,942,0.38188862800598145
4005,4381,1149,0.38185861706733704
4006,4381,2479,0.38175123929977417
4007,4381,5513,0.3817032277584076
4008,4381,1202,0.38169416785240173
4009,4381,719,0.38167864084243774
4010,4381,3076,0.38167813420295715
4011,4381,5700,0.3816530406475067
4012,4381,6169,0.3816191852092743
4013,4381,4941,0.3815883696079254
4014,4381,4063,0.38157615065574646
4015,4381,4959,0.381560355424881
4016,4381,5194,0.3815474510192871
4017,4381,5584,0.38153353333473206
4018,4381,5374,0.3815315067768097
4019,4381,5643,0.38152050971984863
4020,4381,3708,0.381513386964798
4021,4381,1072,0.3815028965473175
4022,4381,784,0.38148799538612366
4023,4381,1462,0.38147780299186707
4024,4381,4160,0.3814472258090973
4025,4381,3678,0.3814082145690918
4026,4381,1247,0.3813140094280243
4027,4381,462,0.38129422068595886
4028,4381,6077,0.38128721714019775
4029,4381,1988,0.3812773525714874
4030,4381,5294,0.3810719847679138
4031,4381,639,0.38102060556411743
4032,4381,3184,0.3809816539287567
4033,4381,3909,0.3809487223625183
4034,4381,918,0.38090139627456665
4035,4381,4710,0.38089025020599365
4036,4381,4513,0.38083866238594055
4037,4381,3762,0.3808039724826813
4038,4381,3635,0.380796879529953
4039,4381,1271,0.380794882774353
4040,4381,3130,0.3807689845561981
4041,4381,2684,0.3807547688484192
4042,4381,3582,0.38072115182876587
4043,4381,4999,0.3806798756122589
4044,4381,3579,0.38064104318618774
4045,4381,3802,0.38055285811424255
4046,4381,4871,0.3804806172847748
4047,4381,5971,0.3804337680339813
4048,4381,646,0.3804172873497009
4049,4381,6022,0.3803863525390625
4050,4381,3039,0.380376398563385
4051,4381,6139,0.3803316652774811
4052,4381,5150,0.38030150532722473
4053,4381,4691,0.3802682161331177
4054,4381,6130,0.38018283247947693
4055,4381,6131,0.38017192482948303
4056,4381,1624,0.3801245093345642
4057,4381,5890,0.38010209798812866
4058,4381,96,0.3800394833087921
4059,4381,5893,0.38002464175224304
4060,4381,5917,0.380004346370697
4061,4381,2739,0.3799465596675873
4062,4381,3435,0.37990862131118774
4063,4381,2633,0.3797987997531891
4064,4381,2117,0.37977033853530884
4065,4381,2220,0.37977033853530884
4066,4381,3266,0.3797298073768616
4067,4381,5035,0.3796720802783966
4068,4381,970,0.3796696066856384
4069,4381,5255,0.3796067237854004
4070,4381,2762,0.37957897782325745
4071,4381,1781,0.3795314133167267
4072,4381,883,0.37950828671455383
4073,4381,5343,0.3795049488544464
4074,4381,3044,0.3794677257537842
4075,4381,1572,0.3794373869895935
4076,4381,4010,0.37939804792404175
4077,4381,2240,0.3793679177761078
4078,4381,3898,0.3793583810329437
4079,4381,3120,0.37935832142829895
4080,4381,2103,0.3793351650238037
4081,4381,881,0.3793026804924011
4082,4381,4104,0.3792978823184967
4083,4381,961,0.37927165627479553
4084,4381,870,0.3792440593242645
4085,4381,3608,0.37923741340637207
4086,4381,3420,0.37923502922058105
4087,4381,3846,0.3792164921760559
4088,4381,4659,0.379212886095047
4089,4381,4728,0.37920689582824707
4090,4381,3229,0.3791413903236389
4091,4381,1410,0.3791245222091675
4092,4381,1437,0.37902507185935974
4093,4381,6,0.3790226876735687
4094,4381,1704,0.3789757192134857
4095,4381,1523,0.37895700335502625
4096,4381,3096,0.3788663446903229
4097,4381,5636,0.378855437040329
4098,4381,1959,0.3788396418094635
4099,4381,1336,0.37882745265960693
4100,4381,4934,0.3787016272544861
4101,4381,2719,0.3786866068840027
4102,4381,3967,0.3786787688732147
4103,4381,1713,0.37867042422294617
4104,4381,3808,0.3786403238773346
4105,4381,6272,0.37854182720184326
4106,4381,1188,0.3784230053424835
4107,4381,3668,0.3784048855304718
4108,4381,1306,0.37839654088020325
4109,4381,2025,0.3783922493457794
4110,4381,1575,0.378370463848114
4111,4381,1281,0.37822315096855164
4112,4381,4803,0.37818482518196106
4113,4381,3713,0.3781815767288208
4114,4381,1906,0.37814778089523315
4115,4381,3774,0.37813568115234375
4116,4381,2852,0.3780583441257477
4117,4381,4679,0.3780379593372345
4118,4381,5908,0.3780355453491211
4119,4381,1280,0.37798601388931274
4120,4381,1605,0.3779807388782501
4121,4381,1977,0.3779168426990509
4122,4381,1902,0.3778975009918213
4123,4381,1898,0.37788650393486023
4124,4381,5708,0.3778402805328369
4125,4381,1127,0.37783440947532654
4126,4381,4658,0.3778212070465088
4127,4381,1048,0.37777408957481384
4128,4381,5504,0.3777071237564087
4129,4381,1702,0.3776838779449463
4130,4381,880,0.37762102484703064
4131,4381,927,0.37761393189430237
4132,4381,625,0.3775293529033661
4133,4381,917,0.37750792503356934
4134,4381,1421,0.377503901720047
4135,4381,762,0.3774915635585785
4136,4381,5032,0.37746456265449524
4137,4381,3050,0.37745407223701477
4138,4381,4069,0.37745171785354614
4139,4381,3384,0.3774458169937134
4140,4381,4676,0.37742477655410767
4141,4381,6383,0.37736326456069946
4142,4381,3547,0.37731337547302246
4143,4381,6417,0.3772936761379242
4144,4381,2628,0.37729358673095703
4145,4381,5116,0.3772755265235901
4146,4381,5618,0.37725746631622314
4147,4381,2995,0.3772425651550293
4148,4381,5185,0.3772130310535431
4149,4381,1427,0.37720462679862976
4150,4381,4250,0.3771798014640808
4151,4381,888,0.37717825174331665
4152,4381,2612,0.37717071175575256
4153,4381,5674,0.3770926892757416
4154,4381,2583,0.3770798146724701
4155,4381,1954,0.3770793378353119
4156,4381,4534,0.37707558274269104
4157,4381,4572,0.37707167863845825
4158,4381,1227,0.3770691752433777
4159,4381,2021,0.37703344225883484
4160,4381,2189,0.37703344225883484
4161,4381,4750,0.37701913714408875
4162,4381,4003,0.37701475620269775
4163,4381,5122,0.37697649002075195
4164,4381,3327,0.37693819403648376
4165,4381,510,0.37688618898391724
4166,4381,4535,0.3768693506717682
4167,4381,3225,0.3768482804298401
4168,4381,5672,0.37682676315307617
4169,4381,2084,0.3767860531806946
4170,4381,6311,0.3767860531806946
4171,4381,4041,0.3767777383327484
4172,4381,4006,0.3767484426498413
4173,4381,500,0.37670114636421204
4174,4381,5829,0.37665092945098877
4175,4381,5771,0.37664470076560974
4176,4381,6082,0.37660589814186096
4177,4381,310,0.3765680193901062
4178,4381,2157,0.37656286358833313
4179,4381,1109,0.3764598071575165
4180,4381,1034,0.3764345347881317
4181,4381,2635,0.3764064311981201
4182,4381,3080,0.3763468265533447
4183,4381,3011,0.3763405382633209
4184,4381,1669,0.3762954771518707
4185,4381,3115,0.37628665566444397
4186,4381,3712,0.37626388669013977
4187,4381,6167,0.37622132897377014
4188,4381,4410,0.3762209117412567
4189,4381,5481,0.37616363167762756
4190,4381,1553,0.3761450946331024
4191,4381,4823,0.37608280777931213
4192,4381,1627,0.3760741949081421
4193,4381,4248,0.3760465085506439
4194,4381,595,0.3760411739349365
4195,4381,4982,0.37603819370269775
4196,4381,973,0.37599724531173706
4197,4381,6340,0.37593454122543335
4198,4381,898,0.37592068314552307
4199,4381,3392,0.3759155571460724
4200,4381,1314,0.3758918046951294
4201,4381,3320,0.3758445084095001
4202,4381,543,0.3757783770561218
4203,4381,4192,0.37574997544288635
4204,4381,364,0.3757237195968628
4205,4381,3234,0.37571197748184204
4206,4381,968,0.3756606876850128
4207,4381,5191,0.3756404519081116
4208,4381,703,0.3755025565624237
4209,4381,3912,0.3754679560661316
4210,4381,3297,0.37545478343963623
4211,4381,5095,0.37544187903404236
4212,4381,5062,0.3754330575466156
4213,4381,3681,0.37541085481643677
4214,4381,4853,0.3753626048564911
4215,4381,1802,0.37533944845199585
4216,4381,6122,0.37528079748153687
4217,4381,1771,0.37527167797088623
4218,4381,5384,0.3752608001232147
4219,4381,1288,0.3752482831478119
4220,4381,3324,0.3752360939979553
4221,4381,1973,0.37523066997528076
4222,4381,4806,0.375140517950058
4223,4381,2666,0.37510159611701965
4224,4381,1143,0.37508824467658997
4225,4381,4247,0.37505561113357544
4226,4381,785,0.3749936521053314
4227,4381,2140,0.37496936321258545
4228,4381,2135,0.3748962879180908
4229,4381,6219,0.3748942017555237
4230,4381,1566,0.37489283084869385
4231,4381,3750,0.3748427629470825
4232,4381,5637,0.3748106360435486
4233,4381,1927,0.37477290630340576
4234,4381,1449,0.37474143505096436
4235,4381,1777,0.37469810247421265
4236,4381,1416,0.3746682107448578
4237,4381,2222,0.37464484572410583
4238,4381,5701,0.37456434965133667
4239,4381,3884,0.3745634853839874
4240,4381,3003,0.3745476007461548
4241,4381,112,0.3744615316390991
4242,4381,2052,0.3744596838951111
4243,4381,5249,0.3744228780269623
4244,4381,4818,0.37436532974243164
4245,4381,1943,0.37429893016815186
4246,4381,1618,0.3742120862007141
4247,4381,5931,0.37419795989990234
4248,4381,2650,0.3741723299026489
4249,4381,5753,0.37414345145225525
4250,4381,4132,0.37413737177848816
4251,4381,4178,0.3741261661052704
4252,4381,1861,0.37404879927635193
4253,4381,3815,0.3740234375
4254,4381,2056,0.37399330735206604
4255,4381,4322,0.3739715814590454
4256,4381,418,0.3738730251789093
4257,4381,4127,0.37387263774871826
4258,4381,1703,0.37379324436187744
4259,4381,2449,0.37374117970466614
4260,4381,2738,0.3737368583679199
4261,4381,349,0.3736998438835144
4262,4381,4615,0.3736978769302368
4263,4381,3459,0.3736804723739624
4264,4381,6107,0.3736761212348938
4265,4381,1788,0.37367334961891174
4266,4381,636,0.3736721873283386
4267,4381,5271,0.3735657036304474
4268,4381,517,0.3735584616661072
4269,4381,2364,0.3735367953777313
4270,4381,4790,0.3735180199146271
4271,4381,1876,0.3735089898109436
4272,4381,2150,0.3735089898109436
4273,4381,1323,0.37350326776504517
4274,4381,2862,0.373475044965744
4275,4381,4137,0.3734697997570038
4276,4381,2855,0.3734438717365265
4277,4381,3306,0.37343794107437134
4278,4381,6293,0.3733472228050232
4279,4381,3613,0.3732993006706238
4280,4381,5276,0.373281329870224
4281,4381,2121,0.3732548654079437
4282,4381,4172,0.3731895387172699
4283,4381,2260,0.37316977977752686
4284,4381,4126,0.3731381297111511
4285,4381,1491,0.37306857109069824
4286,4381,2632,0.3730597496032715
4287,4381,2263,0.37303975224494934
4288,4381,6180,0.373003751039505
4289,4381,1556,0.3730023503303528
4290,4381,8,0.37297362089157104
4291,4381,4448,0.37283098697662354
4292,4381,957,0.37267982959747314
4293,4381,3482,0.3726464509963989
4294,4381,4376,0.37262803316116333
4295,4381,146,0.37262773513793945
4296,4381,1266,0.3725852966308594
4297,4381,4685,0.37256303429603577
4298,4381,5697,0.37256190180778503
4299,4381,32,0.37254607677459717
4300,4381,3646,0.3725438714027405
4301,4381,4064,0.3725333511829376
4302,4381,721,0.3725159168243408
4303,4381,2541,0.3725054860115051
4304,4381,4194,0.37248721718788147
4305,4381,4263,0.37241601943969727
4306,4381,1966,0.3724096417427063
4307,4381,5246,0.3723986744880676
4308,4381,4994,0.37239280343055725
4309,4381,1612,0.37238600850105286
4310,4381,5982,0.3723725378513336
4311,4381,2535,0.3722451329231262
4312,4381,1808,0.372224360704422
4313,4381,1259,0.3722226619720459
4314,4381,4715,0.3721866309642792
4315,4381,5937,0.3721477687358856
4316,4381,5007,0.3720550835132599
4317,4381,4533,0.3719710409641266
4318,4381,3256,0.37194588780403137
4319,4381,5029,0.3719351589679718
4320,4381,4288,0.37183883786201477
4321,4381,2722,0.3718354105949402
4322,4381,247,0.3718162477016449
4323,4381,5610,0.37181201577186584
4324,4381,6263,0.37181127071380615
4325,4381,650,0.37179410457611084
4326,4381,734,0.3717491030693054
4327,4381,2524,0.37169119715690613
4328,4381,716,0.37168508768081665
4329,4381,4993,0.37166208028793335
4330,4381,4203,0.3716222941875458
4331,4381,6111,0.37161386013031006
4332,4381,701,0.37155625224113464
4333,4381,6294,0.37154969573020935
4334,4381,4683,0.3715065121650696
4335,4381,3855,0.3714936673641205
4336,4381,4015,0.3714733421802521
4337,4381,4586,0.3714713454246521
4338,4381,2588,0.3714062571525574
4339,4381,5109,0.37136438488960266
4340,4381,3382,0.37135881185531616
4341,4381,5598,0.3713551461696625
4342,4381,3369,0.371341347694397
4343,4381,1816,0.3712993860244751
4344,4381,4274,0.37125903367996216
4345,4381,399,0.37125009298324585
4346,4381,3588,0.3712444305419922
4347,4381,2744,0.3712412118911743
4348,4381,1512,0.37123560905456543
4349,4381,707,0.37122902274131775
4350,4381,5430,0.3711928427219391
4351,4381,2975,0.371179461479187
4352,4381,3488,0.37114304304122925
4353,4381,5014,0.37113887071609497
4354,4381,6071,0.3711303770542145
4355,4381,2511,0.37112388014793396
4356,4381,1196,0.3709202706813812
4357,4381,2663,0.37091344594955444
4358,4381,3725,0.37089303135871887
4359,4381,5712,0.37086987495422363
4360,4381,3585,0.3708413541316986
4361,4381,3426,0.3708055317401886
4362,4381,2046,0.3706448972225189
4363,4381,4190,0.37063735723495483
4364,4381,2105,0.3705383837223053
4365,4381,2900,0.3704991340637207
4366,4381,5419,0.37047266960144043
4367,4381,2947,0.37046337127685547
4368,4381,2959,0.3703911304473877
4369,4381,4864,0.3703846335411072
4370,4381,3169,0.37034258246421814
4371,4381,2828,0.37032830715179443
4372,4381,3716,0.37030914425849915
4373,4381,5031,0.3703016936779022
4374,4381,1761,0.37027686834335327
4375,4381,1531,0.3702561557292938
4376,4381,6027,0.37021124362945557
4377,4381,5910,0.37015432119369507
4378,4381,1302,0.37014245986938477
4379,4381,5154,0.3700992465019226
4380,4381,2692,0.3700738251209259
4381,4381,2562,0.37003254890441895
4382,4381,3587,0.369960755109787
4383,4381,1668,0.36988499760627747
4384,4381,840,0.3698647618293762
4385,4381,3071,0.369839072227478
4386,4381,5183,0.3697569966316223
4387,4381,2989,0.3696850836277008
4388,4381,2703,0.369672566652298
4389,4381,5480,0.3696656823158264
4390,4381,2304,0.3696274161338806
4391,4381,2908,0.36961886286735535
4392,4381,3742,0.36960411071777344
4393,4381,5786,0.36960047483444214
4394,4381,502,0.36959967017173767
4395,4381,5486,0.36959099769592285
4396,4381,3247,0.36957767605781555
4397,4381,2725,0.36951497197151184
4398,4381,5844,0.36950913071632385
4399,4381,2964,0.3695056140422821
4400,4381,5326,0.3694414496421814
4401,4381,3253,0.36939555406570435
4402,4381,3981,0.3693385422229767
4403,4381,5642,0.3693053424358368
4404,4381,758,0.36929112672805786
4405,4381,4634,0.36924657225608826
4406,4381,3023,0.36922773718833923
4407,4381,491,0.36922013759613037
4408,4381,3393,0.369206041097641
4409,4381,649,0.36919528245925903
4410,4381,4726,0.36918020248413086
4411,4381,3267,0.3691372275352478
4412,4381,2901,0.3691219985485077
4413,4381,4884,0.36911025643348694
4414,4381,5678,0.3690977394580841
4415,4381,1018,0.3690304160118103
4416,4381,6127,0.3690144121646881
4417,4381,4778,0.36893391609191895
4418,4381,1417,0.36886852979660034
4419,4381,3645,0.3688478171825409
4420,4381,3481,0.3688201606273651
4421,4381,2930,0.3688184320926666
4422,4381,3332,0.3688059151172638
4423,4381,2700,0.36878350377082825
4424,4381,1935,0.3687499761581421
4425,4381,1571,0.3686828315258026
4426,4381,3268,0.36868274211883545
4427,4381,3631,0.3686564564704895
4428,4381,5952,0.36860623955726624
4429,4381,5382,0.36856189370155334
4430,4381,3791,0.3685553967952728
4431,4381,3252,0.368524968624115
4432,4381,1792,0.3685039281845093
4433,4381,4960,0.3684441149234772
4434,4381,394,0.36834877729415894
4435,4381,1413,0.36831632256507874
4436,4381,1153,0.3682989776134491
4437,4381,5895,0.36823493242263794
4438,4381,4197,0.368192583322525
4439,4381,4640,0.3681842088699341
4440,4381,5323,0.3681642711162567
4441,4381,1687,0.3681579530239105
4442,4381,1396,0.36809271574020386
4443,4381,3403,0.36807817220687866
4444,4381,4220,0.36793869733810425
4445,4381,6034,0.367931604385376
4446,4381,1073,0.3678991496562958
4447,4381,1514,0.3678895831108093
4448,4381,4478,0.3678768575191498
4449,4381,4587,0.36784934997558594
4450,4381,4233,0.36784639954566956
4451,4381,1254,0.36782968044281006
4452,4381,1716,0.3678199052810669
4453,4381,3425,0.36780431866645813
4454,4381,118,0.36779940128326416
4455,4381,5164,0.3677913546562195
4456,4381,6262,0.3677491843700409
4457,4381,5961,0.36774712800979614
4458,4381,5259,0.3677336573600769
4459,4381,1407,0.3676436245441437
4460,4381,1500,0.3676316738128662
4461,4381,6045,0.36761415004730225
4462,4381,3705,0.367605596780777
4463,4381,5,0.3674876093864441
4464,4381,2885,0.36739128828048706
4465,4381,3634,0.367390900850296
4466,4381,2386,0.3673870265483856
4467,4381,3609,0.3673844635486603
4468,4381,4953,0.3673476576805115
4469,4381,2265,0.3672136962413788
4470,4381,5251,0.36716991662979126
4471,4381,4255,0.3670845627784729
4472,4381,3002,0.36703673005104065
4473,4381,1017,0.36703604459762573
4474,4381,5356,0.3670191466808319
4475,4381,1375,0.3670048713684082
4476,4381,4214,0.3669576346874237
4477,4381,3624,0.3669378459453583
4478,4381,1469,0.36693722009658813
4479,4381,6331,0.36693280935287476
4480,4381,1120,0.36693140864372253
4481,4381,1502,0.3669200837612152
4482,4381,5370,0.3668593764305115
4483,4381,2461,0.3668286204338074
4484,4381,1917,0.3667842149734497
4485,4381,4008,0.3667306900024414
4486,4381,3672,0.36668717861175537
4487,4381,667,0.3666865825653076
4488,4381,5850,0.3666519820690155
4489,4381,3704,0.3666449189186096
4490,4381,5695,0.366613507270813
4491,4381,5432,0.3665997087955475
4492,4381,4092,0.36658233404159546
4493,4381,1715,0.36647647619247437
4494,4381,1563,0.3664703965187073
4495,4381,3543,0.3664627969264984
4496,4381,685,0.3664466440677643
4497,4381,2071,0.3664148449897766
4498,4381,1087,0.36640360951423645
4499,4381,3094,0.36640310287475586
4500,4381,3264,0.36639881134033203
4501,4381,2156,0.36635392904281616
4502,4381,3057,0.36634209752082825
4503,4381,1587,0.3662929832935333
4504,4381,80,0.3662514090538025
4505,4381,6136,0.3662415146827698
4506,4381,463,0.36618155241012573
4507,4381,1961,0.36616426706314087
4508,4381,2177,0.36616426706314087
4509,4381,1664,0.3661041855812073
4510,4381,4724,0.36605724692344666
4511,4381,4045,0.3660467863082886
4512,4381,4988,0.3660341203212738
4513,4381,5745,0.3660202622413635
4514,4381,4212,0.3659782409667969
4515,4381,1053,0.36596906185150146
4516,4381,4541,0.36591681838035583
4517,4381,1033,0.36584609746932983
4518,4381,2629,0.3658260107040405
4519,4381,5470,0.36578646302223206
4520,4381,141,0.3657843768596649
4521,4381,5013,0.36577752232551575
4522,4381,2199,0.36576348543167114
4523,4381,150,0.3657263517379761
4524,4381,3832,0.3657262921333313
4525,4381,3548,0.36565014719963074
4526,4381,3203,0.3655942976474762
4527,4381,419,0.36558017134666443
4528,4381,3385,0.3655298352241516
4529,4381,1004,0.3655056357383728
4530,4381,643,0.36550086736679077
4531,4381,1773,0.36549827456474304
4532,4381,1078,0.3654637038707733
4533,4381,5204,0.3654589354991913
4534,4381,4854,0.3654370605945587
4535,4381,233,0.36543184518814087
4536,4381,2366,0.3654196858406067
4537,4381,3816,0.36540523171424866
4538,4381,1258,0.36536920070648193
4539,4381,398,0.36536023020744324
4540,4381,912,0.36531272530555725
4541,4381,1080,0.36529892683029175
4542,4381,676,0.36528876423835754
4543,4381,3248,0.3652872145175934
4544,4381,2857,0.36525070667266846
4545,4381,2935,0.36524638533592224
4546,4381,4150,0.3652400076389313
4547,4381,4067,0.3652225732803345
4548,4381,627,0.36510196328163147
4549,4381,5336,0.36496588587760925
4550,4381,2037,0.3649332523345947
4551,4381,240,0.36492228507995605
4552,4381,1389,0.36491256952285767
4553,4381,5680,0.3648982346057892
4554,4381,4046,0.3648427128791809
4555,4381,5125,0.364840030670166
4556,4381,36,0.364836722612381
4557,4381,5207,0.3648257553577423
4558,4381,3151,0.36471590399742126
4559,4381,2439,0.3646596670150757
4560,4381,4075,0.36465033888816833
4561,4381,2967,0.3646186590194702
4562,4381,2557,0.3645870089530945
4563,4381,3123,0.36458081007003784
4564,4381,2955,0.3645152449607849
4565,4381,1484,0.3644915819168091
4566,4381,529,0.36444881558418274
4567,4381,4118,0.36437928676605225
4568,4381,1452,0.3643691837787628
4569,4381,998,0.364366352558136
4570,4381,1165,0.36436083912849426
4571,4381,1796,0.36431998014450073
4572,4381,1088,0.3643016517162323
4573,4381,920,0.36418601870536804
4574,4381,1992,0.3641824722290039
4575,4381,429,0.36417627334594727
4576,4381,5817,0.3641350269317627
4577,4381,5388,0.3641302287578583
4578,4381,3854,0.3641089200973511
4579,4381,5445,0.3640851676464081
4580,4381,1221,0.36406511068344116
4581,4381,3852,0.36404120922088623
4582,4381,5037,0.3640376329421997
4583,4381,3619,0.364017516374588
4584,4381,1062,0.3639814853668213
4585,4381,3238,0.36397045850753784
4586,4381,5647,0.3639419972896576
4587,4381,6069,0.3639273941516876
4588,4381,525,0.3639003038406372
4589,4381,4207,0.3638567328453064
4590,4381,735,0.36383289098739624
4591,4381,5690,0.36382290720939636
4592,4381,179,0.36381688714027405
4593,4381,6237,0.3637418746948242
4594,4381,3231,0.36371666193008423
4595,4381,1833,0.363698273897171
4596,4381,962,0.36367157101631165
4597,4381,2465,0.3636520504951477
4598,4381,5253,0.3635391891002655
4599,4381,5831,0.3634856343269348
4600,4381,4978,0.36341190338134766
4601,4381,6242,0.3633635342121124
4602,4381,1577,0.36333611607551575
4603,4381,911,0.36331695318222046
4604,4381,3571,0.36331573128700256
4605,4381,2861,0.36328572034835815
4606,4381,3784,0.36326268315315247
4607,4381,1976,0.36325204372406006
4608,4381,2147,0.36322179436683655
4609,4381,5057,0.36316755414009094
4610,4381,5733,0.36316514015197754
4611,4381,3443,0.3631531596183777
4612,4381,5808,0.3630867898464203
4613,4381,4952,0.36307835578918457
4614,4381,5496,0.3630526065826416
4615,4381,3334,0.3629078269004822
4616,4381,2352,0.36286652088165283
4617,4381,1295,0.3628235459327698
4618,4381,4591,0.3628176748752594
4619,4381,5467,0.3628026247024536
4620,4381,1756,0.36278894543647766
4621,4381,4830,0.3627650737762451
4622,4381,4466,0.36275675892829895
4623,4381,239,0.3627447485923767
4624,4381,1097,0.36267876625061035
4625,4381,5024,0.3626744747161865
4626,4381,6378,0.3626598119735718
4627,4381,2538,0.362648069858551
4628,4381,3740,0.3626355230808258
4629,4381,4138,0.36262014508247375
4630,4381,5248,0.36260390281677246
4631,4381,3007,0.36260053515434265
4632,4381,1548,0.3625142574310303
4633,4381,3707,0.36235353350639343
4634,4381,270,0.36229854822158813
4635,4381,3729,0.3622922897338867
4636,4381,3789,0.36222004890441895
4637,4381,1814,0.3621754050254822
4638,4381,2262,0.36216074228286743
4639,4381,5220,0.3621555268764496
4640,4381,5266,0.3621489405632019
4641,4381,5327,0.36214524507522583
4642,4381,2809,0.3621220290660858
4643,4381,6358,0.36197224259376526
4644,4381,3474,0.36194857954978943
4645,4381,241,0.3619039058685303
4646,4381,2600,0.36180391907691956
4647,4381,392,0.36179304122924805
4648,4381,5300,0.36169761419296265
4649,4381,669,0.3616933226585388
4650,4381,6010,0.3616675138473511
4651,4381,4752,0.361625611782074
4652,4381,1223,0.36157047748565674
4653,4381,2843,0.3615236282348633
4654,4381,3621,0.3614846169948578
4655,4381,1056,0.3614514470100403
4656,4381,6014,0.361427366733551
4657,4381,90,0.3613995611667633
4658,4381,2569,0.36139151453971863
4659,4381,2550,0.3613598048686981
4660,4381,3178,0.36130592226982117
4661,4381,2794,0.36125802993774414
4662,4381,3972,0.361220121383667
4663,4381,3927,0.36119210720062256
4664,4381,1823,0.36116504669189453
4665,4381,2712,0.36112043261528015
4666,4381,2793,0.3611108660697937
4667,4381,1446,0.3611040711402893
4668,4381,1991,0.361095130443573
4669,4381,5442,0.3610835671424866
4670,4381,6094,0.3610621988773346
4671,4381,5945,0.36105790734291077
4672,4381,3016,0.3610139787197113
4673,4381,5679,0.36093810200691223
4674,4381,6109,0.3609269857406616
4675,4381,1762,0.36089658737182617
4676,4381,1070,0.3608647286891937
4677,4381,583,0.3607679307460785
4678,4381,705,0.3607114851474762
4679,4381,3800,0.3607036769390106
4680,4381,2539,0.36069589853286743
4681,4381,6012,0.3606734871864319
4682,4381,5068,0.3606525659561157
4683,4381,4130,0.3606279790401459
4684,4381,4880,0.3606206476688385
4685,4381,1392,0.36052367091178894
4686,4381,580,0.36047011613845825
4687,4381,30,0.3604235053062439
4688,4381,2273,0.36041104793548584
4689,4381,5263,0.3603883981704712
4690,4381,4215,0.360363245010376
4691,4381,3887,0.36031603813171387
4692,4381,2879,0.3602564036846161
4693,4381,6155,0.3602011203765869
4694,4381,1675,0.3601977229118347
4695,4381,6274,0.3601767122745514
4696,4381,435,0.3601527214050293
4697,4381,2127,0.3601132333278656
4698,4381,5604,0.36010095477104187
4699,4381,4725,0.36009645462036133
4700,4381,4128,0.36005622148513794
4701,4381,1870,0.3600541651248932
4702,4381,236,0.36003509163856506
4703,4381,3434,0.35994428396224976
4704,4381,5995,0.35990041494369507
4705,4381,764,0.3598922789096832
4706,4381,1609,0.3598915934562683
4707,4381,4784,0.3598606586456299
4708,4381,3245,0.3597858250141144
4709,4381,5021,0.3597540855407715
4710,4381,3673,0.35974183678627014
4711,4381,4558,0.3597249984741211
4712,4381,5407,0.3596900403499603
4713,4381,2992,0.3596692383289337
4714,4381,4227,0.3596625030040741
4715,4381,2884,0.359655499458313
4716,4381,2452,0.35964545607566833
4717,4381,2714,0.35963907837867737
4718,4381,3653,0.3596259355545044
4719,4381,1895,0.3595659136772156
4720,4381,1284,0.3595186471939087
4721,4381,3207,0.35951557755470276
4722,4381,1297,0.3595048487186432
4723,4381,5975,0.3594745099544525
4724,4381,336,0.359469473361969
4725,4381,3161,0.3594622015953064
4726,4381,729,0.35943976044654846
4727,4381,1596,0.35943639278411865
4728,4381,3049,0.359372079372406
4729,4381,1111,0.35935479402542114
4730,4381,1409,0.3593418300151825
4731,4381,6367,0.3593026399612427
4732,4381,1660,0.3592429459095001
4733,4381,1735,0.3591785132884979
4734,4381,868,0.3591771423816681
4735,4381,4970,0.3591445982456207
4736,4381,5520,0.35914111137390137
4737,4381,5446,0.3591245114803314
4738,4381,3469,0.3591112792491913
4739,4381,3687,0.3590531647205353
4740,4381,1450,0.35904887318611145
4741,4381,3350,0.3590136468410492
4742,4381,3077,0.35899388790130615
4743,4381,5934,0.3589845597743988
4744,4381,6343,0.35883721709251404
4745,4381,2764,0.35883232951164246
4746,4381,1774,0.3587760031223297
4747,4381,5959,0.3586941361427307
4748,4381,5256,0.3586786389350891
4749,4381,3244,0.3586348295211792
4750,4381,5213,0.35857489705085754
4751,4381,5137,0.3585622012615204
4752,4381,2462,0.3585484027862549
4753,4381,4984,0.3585420548915863
4754,4381,5110,0.3585067391395569
4755,4381,4776,0.35850250720977783
4756,4381,4014,0.3584774136543274
4757,4381,6143,0.3584277033805847
4758,4381,5350,0.3583690822124481
4759,4381,330,0.3583662211894989
4760,4381,2308,0.35836008191108704
4761,4381,3655,0.3583140969276428
4762,4381,5883,0.35831356048583984
4763,4381,2771,0.35828107595443726
4764,4381,5562,0.3582735061645508
4765,4381,1534,0.35825857520103455
4766,4381,1871,0.3582138121128082
4767,4381,3260,0.35816124081611633
4768,4381,5006,0.35815858840942383
4769,4381,91,0.35815101861953735
4770,4381,353,0.35801413655281067
4771,4381,2835,0.35799065232276917
4772,4381,1891,0.3579115569591522
4773,4381,4998,0.35789233446121216
4774,4381,404,0.35778531432151794
4775,4381,1257,0.3577289581298828
4776,4381,1299,0.3577044904232025
4777,4381,1712,0.3576989471912384
4778,4381,3500,0.35764601826667786
4779,4381,1516,0.35762178897857666
4780,4381,2536,0.357613205909729
4781,4381,5564,0.35760635137557983
4782,4381,5790,0.35755711793899536
4783,4381,5608,0.3575020134449005
4784,4381,4652,0.35747721791267395
4785,4381,4843,0.3573472201824188
4786,4381,1698,0.35734668374061584
4787,4381,3102,0.3573138415813446
4788,4381,2139,0.3572857677936554
4789,4381,537,0.3572855293750763
4790,4381,2680,0.35727787017822266
4791,4381,3274,0.35726866126060486
4792,4381,3036,0.35724037885665894
4793,4381,6225,0.35720962285995483
4794,4381,1448,0.35720863938331604
4795,4381,4700,0.3571398854255676
4796,4381,6062,0.3571217954158783
4797,4381,1778,0.3570784330368042
4798,4381,4824,0.35702815651893616
4799,4381,4211,0.35693925619125366
4800,4381,4,0.3568701148033142
4801,4381,1679,0.3568275570869446
4802,4381,1707,0.35681992769241333
4803,4381,4230,0.3568107783794403
4804,4381,1379,0.3568049669265747
4805,4381,6338,0.3567887544631958
4806,4381,1264,0.3566935956478119
4807,4381,5232,0.356641948223114
4808,4381,3141,0.356567919254303
4809,4381,4985,0.35656464099884033
4810,4381,4057,0.3565250337123871
4811,4381,5887,0.3565208315849304
4812,4381,2668,0.3565099239349365
4813,4381,1002,0.35650700330734253
4814,4381,516,0.3564837872982025
4815,4381,232,0.35644760727882385
4816,4381,2640,0.35643526911735535
4817,4381,4664,0.35642945766448975
4818,4381,3463,0.35641589760780334
4819,4381,2475,0.35638800263404846
4820,4381,3353,0.35638365149497986
4821,4381,3454,0.3563348948955536
4822,4381,3733,0.35632750391960144
4823,4381,4159,0.35631200671195984
4824,4381,3573,0.3562890887260437
4825,4381,2844,0.3562696576118469
4826,4381,6091,0.35625267028808594
4827,4381,2385,0.35619640350341797
4828,4381,2888,0.356192946434021
4829,4381,4764,0.3561716079711914
4830,4381,5586,0.35613128542900085
4831,4381,5888,0.3560703992843628
4832,4381,4705,0.35606905817985535
4833,4381,585,0.35602715611457825
4834,4381,2655,0.3559952974319458
4835,4381,3700,0.3559698462486267
4836,4381,2997,0.3559603691101074
4837,4381,682,0.3559407889842987
4838,4381,893,0.35591891407966614
4839,4381,4208,0.3558914065361023
4840,4381,5254,0.35583874583244324
4841,4381,1753,0.35566195845603943
4842,4381,5471,0.3556259572505951
4843,4381,1986,0.3556160032749176
4844,4381,846,0.3556108772754669
4845,4381,5075,0.3555753529071808
4846,4381,3581,0.355549156665802
4847,4381,1650,0.35553956031799316
4848,4381,2827,0.3553650677204132
4849,4381,3451,0.35530856251716614
4850,4381,5339,0.3552508056163788
4851,4381,915,0.35523444414138794
4852,4381,4974,0.35516706109046936
4853,4381,4958,0.3551526665687561
4854,4381,3180,0.3550777733325958
4855,4381,3751,0.35504356026649475
4856,4381,6346,0.35501426458358765
4857,4381,1026,0.3549932539463043
4858,4381,1628,0.35494673252105713
4859,4381,5025,0.3549392521381378
4860,4381,4004,0.354887455701828
4861,4381,1060,0.35481584072113037
4862,4381,1045,0.35481491684913635
4863,4381,2697,0.35480642318725586
4864,4381,199,0.3547779619693756
4865,4381,5198,0.354758620262146
4866,4381,2376,0.35466405749320984
4867,4381,1932,0.35465627908706665
4868,4381,518,0.3546416461467743
4869,4381,3565,0.3546147346496582
4870,4381,3468,0.3545994162559509
4871,4381,1982,0.35459670424461365
4872,4381,3847,0.3545466959476471
4873,4381,4589,0.3545456528663635
4874,4381,2613,0.35451462864875793
4875,4381,5215,0.35447070002555847
4876,4381,1729,0.35442832112312317
4877,4381,2585,0.3544189929962158
4878,4381,3069,0.3542269170284271
4879,4381,1807,0.35420775413513184
4880,4381,4544,0.35416677594184875
4881,4381,1717,0.35406532883644104
4882,4381,5612,0.3540513515472412
4883,4381,4851,0.35404279828071594
4884,4381,4969,0.3540290296077728
4885,4381,5976,0.35398930311203003
4886,4381,4579,0.35397738218307495
4887,4381,1269,0.35395434498786926
4888,4381,206,0.35384601354599
4889,4381,2880,0.3538041412830353
4890,4381,3074,0.3537571132183075
4891,4381,4492,0.35374170541763306
4892,4381,5799,0.3537071943283081
4893,4381,5093,0.3536730408668518
4894,4381,967,0.3536440134048462
4895,4381,712,0.35361289978027344
4896,4381,692,0.35358506441116333
4897,4381,306,0.35357171297073364
4898,4381,2960,0.3535480797290802
4899,4381,2678,0.3535471558570862
4900,4381,5235,0.3535083830356598
4901,4381,2981,0.35338854789733887
4902,4381,4940,0.35336026549339294
4903,4381,5288,0.35335850715637207
4904,4381,673,0.35335639119148254
4905,4381,1655,0.35329002141952515
4906,4381,6224,0.35327738523483276
4907,4381,3810,0.35322239995002747
4908,4381,5925,0.35318949818611145
4909,4381,572,0.35318657755851746
4910,4381,4702,0.35313498973846436
4911,4381,3205,0.3531002998352051
4912,4381,2978,0.3530718982219696
4913,4381,4120,0.352967768907547
4914,4381,3437,0.35285207629203796
4915,4381,3172,0.35282590985298157
4916,4381,3557,0.3526632487773895
4917,4381,100,0.3526117503643036
4918,4381,1401,0.3526081442832947
4919,4381,5970,0.35259467363357544
4920,4381,775,0.35254740715026855
4921,4381,318,0.35253655910491943
4922,4381,1035,0.35248860716819763
4923,4381,5651,0.3524787425994873
4924,4381,4016,0.35244056582450867
4925,4381,1768,0.3524048328399658
4926,4381,1164,0.35238122940063477
4927,4381,1987,0.35237616300582886
4928,4381,6327,0.3523068428039551
4929,4381,851,0.3522755801677704
4930,4381,3913,0.3522159159183502
4931,4381,1251,0.3521103858947754
4932,4381,265,0.3520633578300476
4933,4381,6147,0.35206007957458496
4934,4381,3009,0.35203826427459717
4935,4381,814,0.3519601821899414
4936,4381,3744,0.3519167900085449
4937,4381,5401,0.35190626978874207
4938,4381,3177,0.35187608003616333
4939,4381,4147,0.3518669903278351
4940,4381,2000,0.3518427610397339
4941,4381,2039,0.35182151198387146
4942,4381,3693,0.3517911434173584
4943,4381,1983,0.35177966952323914
4944,4381,6142,0.3516678512096405
4945,4381,3979,0.3515513837337494
4946,4381,3490,0.3515482544898987
4947,4381,4444,0.3515222370624542
4948,4381,5038,0.35151758790016174
4949,4381,3691,0.3514973223209381
4950,4381,2442,0.35149461030960083
4951,4381,176,0.3514852821826935
4952,4381,1428,0.35144737362861633
4953,4381,3738,0.351413369178772
4954,4381,2242,0.3513641953468323
4955,4381,5196,0.35127776861190796
4956,4381,343,0.3512662649154663
4957,4381,3685,0.3512588441371918
4958,4381,1813,0.35124635696411133
4959,4381,5477,0.3512120246887207
4960,4381,1706,0.351115882396698
4961,4381,1547,0.35107752680778503
4962,4381,876,0.35105204582214355
4963,4381,4977,0.351044625043869
4964,4381,3322,0.35104456543922424
4965,4381,2586,0.35100921988487244
4966,4381,6030,0.35100215673446655
4967,4381,670,0.35100170969963074
4968,4381,2732,0.3509316146373749
4969,4381,5738,0.35089540481567383
4970,4381,3423,0.3508502244949341
4971,4381,5535,0.3508484363555908
4972,4381,5927,0.3507545292377472
4973,4381,5070,0.35074660181999207
4974,4381,1399,0.3507450819015503
4975,4381,855,0.35066789388656616
4976,4381,2654,0.350617378950119
4977,4381,3911,0.35050976276397705
4978,4381,965,0.3504611849784851
4979,4381,103,0.3504261374473572
4980,4381,3201,0.3502587378025055
4981,4381,4696,0.3502177596092224
4982,4381,4788,0.3502011001110077
4983,4381,2769,0.35019388794898987
4984,4381,5479,0.35018762946128845
4985,4381,4955,0.3500640094280243
4986,4381,5861,0.34999966621398926
4987,4381,1278,0.34998995065689087
4988,4381,5178,0.34998685121536255
4989,4381,2182,0.34998467564582825
4990,4381,1631,0.34997427463531494
4991,4381,6154,0.34991899132728577
4992,4381,2675,0.34989866614341736
4993,4381,3269,0.3498716354370117
4994,4381,5597,0.34983813762664795
4995,4381,1021,0.34981170296669006
4996,4381,2657,0.34980520606040955
4997,4381,2599,0.3497537076473236
4998,4381,5702,0.34965893626213074
4999,4381,2005,0.3495781421661377
5000,4381,939,0.34956279397010803
5001,4381,798,0.34955960512161255
5002,4381,5238,0.3494938611984253
5003,4381,1052,0.3494719862937927
5004,4381,2416,0.3494609296321869
5005,4381,4026,0.3494587540626526
5006,4381,1775,0.3494381606578827
5007,4381,5797,0.34943148493766785
5008,4381,6115,0.34943047165870667
5009,4381,5727,0.34938663244247437
5010,4381,993,0.3493789732456207
5011,4381,6284,0.34936773777008057
5012,4381,3779,0.3493349552154541
5013,4381,5258,0.3492698669433594
5014,4381,5454,0.3491886556148529
5015,4381,3933,0.34918445348739624
5016,4381,3538,0.3491499722003937
5017,4381,5548,0.34911924600601196
5018,4381,2875,0.34911108016967773
5019,4381,1990,0.34910768270492554
5020,4381,3365,0.34899210929870605
5021,4381,5159,0.3489743769168854
5022,4381,2161,0.34894075989723206
5023,4381,1789,0.34888824820518494
5024,4381,1418,0.34887412190437317
5025,4381,3330,0.3488543629646301
5026,4381,3134,0.3487675189971924
5027,4381,5659,0.34870782494544983
5028,4381,5488,0.34869349002838135
5029,4381,2126,0.34866631031036377
5030,4381,2168,0.348606675863266
5031,4381,5393,0.348594605922699
5032,4381,1054,0.34857040643692017
5033,4381,3936,0.3485174775123596
5034,4381,6351,0.34848544001579285
5035,4381,822,0.34847185015678406
5036,4381,2815,0.3484289348125458
5037,4381,2288,0.34840813279151917
5038,4381,3820,0.34839871525764465
5039,4381,3337,0.3483656048774719
5040,4381,4805,0.3483533263206482
5041,4381,5913,0.3483428657054901
5042,4381,2272,0.34831568598747253
5043,4381,5227,0.34826716780662537
5044,4381,5772,0.34825053811073303
5045,4381,3042,0.3482494056224823
5046,4381,617,0.3482295274734497
5047,4381,4777,0.34816238284111023
5048,4381,5818,0.3481484353542328
5049,4381,1711,0.3478219509124756
5050,4381,3043,0.3477895259857178
5051,4381,4791,0.3477863669395447
5052,4381,3638,0.34772101044654846
5053,4381,772,0.3476829528808594
5054,4381,4983,0.347677081823349
5055,4381,5050,0.3476768434047699
5056,4381,5108,0.3475605249404907
5057,4381,1985,0.34754085540771484
5058,4381,2059,0.34750673174858093
5059,4381,2085,0.34739527106285095
5060,4381,3103,0.3473897874355316
5061,4381,3760,0.34737810492515564
5062,4381,5435,0.3473503291606903
5063,4381,5034,0.34729745984077454
5064,4381,2218,0.3472725749015808
5065,4381,3046,0.3471818268299103
5066,4381,5195,0.34702542424201965
5067,4381,5554,0.3470209240913391
5068,4381,2158,0.3470170795917511
5069,4381,4642,0.3470103144645691
5070,4381,5413,0.34693488478660583
5071,4381,4019,0.34689152240753174
5072,4381,4202,0.3468710780143738
5073,4381,5368,0.3468550741672516
5074,4381,1589,0.34680721163749695
5075,4381,3060,0.3467729985713959
5076,4381,1915,0.34676414728164673
5077,4381,1274,0.34670284390449524
5078,4381,3375,0.3466298580169678
5079,4381,4617,0.3465779423713684
5080,4381,3128,0.3464910089969635
5081,4381,5951,0.34647345542907715
5082,4381,6291,0.3463572561740875
5083,4381,188,0.34626874327659607
5084,4381,3106,0.346255898475647
5085,4381,5516,0.3462185859680176
5086,4381,1510,0.3462112545967102
5087,4381,3246,0.34619030356407166
5088,4381,2171,0.3461161255836487
5089,4381,1372,0.34609758853912354
5090,4381,1944,0.3460909426212311
5091,4381,3923,0.34606513381004333
5092,4381,4131,0.34601613879203796
5093,4381,3715,0.3458796441555023
5094,4381,2316,0.34582921862602234
5095,4381,2470,0.3458273708820343
5096,4381,3555,0.3458110988140106
5097,4381,4187,0.3457739055156708
5098,4381,1256,0.3457702696323395
5099,4381,5965,0.34571370482444763
5100,4381,2382,0.34571027755737305
5101,4381,765,0.3456966280937195
5102,4381,1584,0.345577210187912
5103,4381,5424,0.34550994634628296
5104,4381,837,0.3454276919364929
5105,4381,1454,0.34535881876945496
5106,4381,1063,0.3453524112701416
5107,4381,3534,0.34531569480895996
5108,4381,1068,0.34531232714653015
5109,4381,5628,0.3452972173690796
5110,4381,5002,0.3452971577644348
5111,4381,5664,0.34523800015449524
5112,4381,3504,0.34517303109169006
5113,4381,4050,0.34516414999961853
5114,4381,4070,0.3451516628265381
5115,4381,12,0.344979465007782
5116,4381,4277,0.3448854088783264
5117,4381,5395,0.34485068917274475
5118,4381,2559,0.34480711817741394
5119,4381,4852,0.34479960799217224
5120,4381,5015,0.3446962237358093
5121,4381,5472,0.34468334913253784
5122,4381,1255,0.34464094042778015
5123,4381,3763,0.34458470344543457
5124,4381,2988,0.3445497751235962
5125,4381,5202,0.34452497959136963
5126,4381,2846,0.344510942697525
5127,4381,1574,0.3445016145706177
5128,4381,175,0.34430041909217834
5129,4381,3218,0.34428924322128296
5130,4381,3950,0.34428560733795166
5131,4381,3690,0.3442169427871704
5132,4381,2604,0.3441852331161499
5133,4381,6133,0.34415730834007263
5134,4381,2090,0.34414345026016235
5135,4381,3874,0.3441358804702759
5136,4381,3208,0.3441349267959595
5137,4381,3112,0.34411415457725525
5138,4381,1460,0.34408703446388245
5139,4381,4962,0.344084233045578
5140,4381,3081,0.3440369665622711
5141,4381,4729,0.3439995050430298
5142,4381,1447,0.3439455032348633
5143,4381,1370,0.3438259959220886
5144,4381,459,0.34381699562072754
5145,4381,2032,0.3437937796115875
5146,4381,2647,0.3437452018260956
5147,4381,4559,0.3437236249446869
5148,4381,2193,0.34369051456451416
5149,4381,5303,0.34368017315864563
5150,4381,2783,0.34368011355400085
5151,4381,5087,0.3436317443847656
5152,4381,2209,0.3435981273651123
5153,4381,1024,0.34355950355529785
5154,4381,5773,0.3435525894165039
5155,4381,5633,0.3435465693473816
5156,4381,3727,0.34345442056655884
5157,4381,4030,0.34344711899757385
5158,4381,3360,0.3434455692768097
5159,4381,2957,0.3434256911277771
5160,4381,3959,0.34337857365608215
5161,4381,3127,0.3433748185634613
5162,4381,3805,0.3433268368244171
5163,4381,3650,0.3432964086532593
5164,4381,5247,0.3432612419128418
5165,4381,1520,0.34319669008255005
5166,4381,890,0.3431518077850342
5167,4381,5319,0.3431122601032257
5168,4381,3326,0.343098908662796
5169,4381,5935,0.34308913350105286
5170,4381,2572,0.3429070711135864
5171,4381,6020,0.34283754229545593
5172,4381,3773,0.34273266792297363
5173,4381,2578,0.342650830745697
5174,4381,4798,0.34259551763534546
5175,4381,5814,0.34257474541664124
5176,4381,4949,0.34249505400657654
5177,4381,2889,0.3424864113330841
5178,4381,2969,0.34248560667037964
5179,4381,1728,0.34246256947517395
5180,4381,2641,0.342433363199234
5181,4381,3499,0.34240639209747314
5182,4381,445,0.34237679839134216
5183,4381,2887,0.3423578441143036
5184,4381,2547,0.3422817587852478
5185,4381,1051,0.34216248989105225
5186,4381,1426,0.3421545922756195
5187,4381,818,0.3421095609664917
5188,4381,3656,0.34206148982048035
5189,4381,4522,0.34190577268600464
5190,4381,5923,0.3418205976486206
5191,4381,5391,0.3417913317680359
5192,4381,1265,0.34169209003448486
5193,4381,3015,0.34166112542152405
5194,4381,1661,0.34166061878204346
5195,4381,5652,0.3415912389755249
5196,4381,2934,0.3415827751159668
5197,4381,4611,0.34154564142227173
5198,4381,3006,0.3414616286754608
5199,4381,2500,0.3413959741592407
5200,4381,2926,0.34137752652168274
5201,4381,1075,0.34122923016548157
5202,4381,5729,0.3412022888660431
5203,4381,3684,0.3411293923854828
5204,4381,6080,0.3411126136779785
5205,4381,43,0.3410860300064087
5206,4381,46,0.34101685881614685
5207,4381,5082,0.3409908711910248
5208,4381,4153,0.3409886956214905
5209,4381,5069,0.3408313989639282
5210,4381,5433,0.3407898545265198
5211,4381,6144,0.34078943729400635
5212,4381,5155,0.340684711933136
5213,4381,563,0.3405610918998718
5214,4381,3314,0.340531587600708
5215,4381,827,0.34052395820617676
5216,4381,2638,0.34051573276519775
5217,4381,4870,0.3404945433139801
5218,4381,3132,0.34047436714172363
5219,4381,5162,0.3404494524002075
5220,4381,2114,0.34043803811073303
5221,4381,2982,0.3404180109500885
5222,4381,1473,0.34035781025886536
5223,4381,3261,0.34035319089889526
5224,4381,4968,0.3402760326862335
5225,4381,6070,0.340268075466156
5226,4381,4895,0.3401724696159363
5227,4381,4139,0.34016335010528564
5228,4381,3304,0.3401575982570648
5229,4381,5262,0.3401291072368622
5230,4381,5603,0.3401011824607849
5231,4381,295,0.34008875489234924
5232,4381,1821,0.34004148840904236
5233,4381,3699,0.33999618887901306
5234,4381,4925,0.33996114134788513
5235,4381,3119,0.3399076759815216
5236,4381,2092,0.3399070203304291
5237,4381,1930,0.3398638665676117
5238,4381,3627,0.33979859948158264
5239,4381,5811,0.3397822678089142
5240,4381,4795,0.339767187833786
5241,4381,3457,0.3397420346736908
5242,4381,2595,0.33973821997642517
5243,4381,4072,0.3397108018398285
5244,4381,3021,0.3396456837654114
5245,4381,2250,0.33963868021965027
5246,4381,6005,0.339558869600296
5247,4381,4241,0.3395477831363678
5248,4381,2176,0.3394831120967865
5249,4381,841,0.3394615054130554
5250,4381,986,0.33941635489463806
5251,4381,4909,0.33937543630599976
5252,4381,3702,0.33935779333114624
5253,4381,3946,0.3393307626247406
5254,4381,4245,0.3393007218837738
5255,4381,2073,0.3391968607902527
5256,4381,3431,0.33907046914100647
5257,4381,4739,0.33906131982803345
5258,4381,1699,0.339057594537735
5259,4381,3405,0.3389872610569
5260,4381,1852,0.3389361798763275
5261,4381,2029,0.3389035165309906
5262,4381,3723,0.3388909697532654
5263,4381,5180,0.3388858437538147
5264,4381,943,0.3387611210346222
5265,4381,1643,0.33874717354774475
5266,4381,2100,0.3386774957180023
5267,4381,5033,0.3386712074279785
5268,4381,3154,0.33860838413238525
5269,4381,3914,0.3386082053184509
5270,4381,35,0.3385999798774719
5271,4381,2642,0.33856210112571716
5272,4381,5973,0.3385084271430969
5273,4381,408,0.3384680449962616
5274,4381,1136,0.3383723199367523
5275,4381,1654,0.3383557200431824
5276,4381,3342,0.33830514550209045
5277,4381,4961,0.33829617500305176
5278,4381,6318,0.3382720649242401
5279,4381,312,0.33822163939476013
5280,4381,902,0.3382103145122528
5281,4381,5987,0.33818721771240234
5282,4381,3331,0.3381776511669159
5283,4381,3211,0.3381587862968445
5284,4381,1380,0.3381431996822357
5285,4381,564,0.33812737464904785
5286,4381,3595,0.3380979895591736
5287,4381,3072,0.3380544185638428
5288,4381,3660,0.3380434513092041
5289,4381,6232,0.3379935026168823
5290,4381,678,0.33789196610450745
5291,4381,683,0.3378712832927704
5292,4381,5418,0.33780351281166077
5293,4381,6132,0.3377934992313385
5294,4381,684,0.337770015001297
5295,4381,4770,0.33774858713150024
5296,4381,69,0.33769163489341736
5297,4381,1405,0.33769071102142334
5298,4381,1001,0.33767592906951904
5299,4381,2921,0.33760109543800354
5300,4381,679,0.33755427598953247
5301,4381,1422,0.33754751086235046
5302,4381,2582,0.3375225365161896
5303,4381,5916,0.3374890089035034
5304,4381,3424,0.3373172879219055
5305,4381,5381,0.3373052179813385
5306,4381,3159,0.3372713625431061
5307,4381,1634,0.3372657895088196
5308,4381,3288,0.3372238576412201
5309,4381,952,0.3371898829936981
5310,4381,5784,0.3371656835079193
5311,4381,6353,0.337123304605484
5312,4381,1637,0.3370724022388458
5313,4381,5785,0.33689969778060913
5314,4381,4278,0.33683115243911743
5315,4381,1059,0.33678191900253296
5316,4381,760,0.33677682280540466
5317,4381,3352,0.33672773838043213
5318,4381,3290,0.33672767877578735
5319,4381,1690,0.3367069959640503
5320,4381,5306,0.33665022253990173
5321,4381,1049,0.3366380035877228
5322,4381,1700,0.3366048336029053
5323,4381,4821,0.3365671932697296
5324,4381,5337,0.3365570604801178
5325,4381,2664,0.33648115396499634
5326,4381,5880,0.3364560008049011
5327,4381,4606,0.33634790778160095
5328,4381,3813,0.3363379240036011
5329,4381,1614,0.3362906575202942
5330,4381,1811,0.33627408742904663
5331,4381,6152,0.33622848987579346
5332,4381,297,0.33622047305107117
5333,4381,4834,0.3361278176307678
5334,4381,663,0.33610284328460693
5335,4381,5299,0.336053729057312
5336,4381,5060,0.3359476625919342
5337,4381,5142,0.3359079658985138
5338,4381,5685,0.3358389735221863
5339,4381,5525,0.3357742130756378
5340,4381,994,0.33569779992103577
5341,4381,2795,0.33567124605178833
5342,4381,2760,0.33566561341285706
5343,4381,5954,0.33566534519195557
5344,4381,3188,0.335599809885025
5345,4381,5801,0.33552396297454834
5346,4381,1714,0.3355107307434082
5347,4381,5216,0.3353433609008789
5348,4381,1590,0.3352985382080078
5349,4381,3867,0.33522480726242065
5350,4381,3323,0.3351851999759674
5351,4381,4225,0.33507177233695984
5352,4381,3416,0.33500316739082336
5353,4381,1464,0.335001677274704
5354,4381,3174,0.33497723937034607
5355,4381,5825,0.33496615290641785
5356,4381,198,0.3349184989929199
5357,4381,3814,0.33480706810951233
5358,4381,3917,0.33477944135665894
5359,4381,2317,0.3347671627998352
5360,4381,6121,0.3347477912902832
5361,4381,6150,0.3347417116165161
5362,4381,5214,0.3346865177154541
5363,4381,5437,0.33467307686805725
5364,4381,905,0.3346715271472931
5365,4381,3947,0.33458101749420166
5366,4381,6112,0.3345601558685303
5367,4381,6120,0.33454978466033936
5368,4381,5794,0.33450403809547424
5369,4381,1592,0.3344389796257019
5370,4381,1082,0.33439767360687256
5371,4381,5978,0.33438071608543396
5372,4381,600,0.3343307673931122
5373,4381,3148,0.3341672420501709
5374,4381,1805,0.33402955532073975
5375,4381,4828,0.33401164412498474
5376,4381,2788,0.3339850902557373
5377,4381,4219,0.3339472711086273
5378,4381,2620,0.3338426947593689
5379,4381,4242,0.33383527398109436
5380,4381,1597,0.33381104469299316
5381,4381,1272,0.3337700366973877
5382,4381,4200,0.3337398171424866
5383,4381,2677,0.3335702121257782
5384,4381,3438,0.33355462551116943
5385,4381,6056,0.3334808647632599
5386,4381,5329,0.3333457112312317
5387,4381,4182,0.3333107531070709
5388,4381,4789,0.33329465985298157
5389,4381,4292,0.3332653343677521
5390,4381,5434,0.33324089646339417
5391,4381,5629,0.33323538303375244
5392,4381,6073,0.3331337571144104
5393,4381,5402,0.33311548829078674
5394,4381,1742,0.33306559920310974
5395,4381,3316,0.3330548405647278
5396,4381,2874,0.33303913474082947
5397,4381,4692,0.3330370783805847
5398,4381,1663,0.33301547169685364
5399,4381,5140,0.332939475774765
5400,4381,6042,0.3329066336154938
5401,4381,1290,0.3328298330307007
5402,4381,2110,0.33282116055488586
5403,4381,3286,0.33280155062675476
5404,4381,1483,0.33279019594192505
5405,4381,4236,0.3327391445636749
5406,4381,1470,0.33257174491882324
5407,4381,5709,0.33250200748443604
5408,4381,1581,0.33248305320739746
5409,4381,1921,0.3324175477027893
5410,4381,2698,0.3323986828327179
5411,4381,1083,0.3322822153568268
5412,4381,211,0.33225101232528687
5413,4381,1757,0.33213692903518677
5414,4381,5282,0.3321210443973541
5415,4381,2826,0.3320382833480835
5416,4381,5182,0.33197692036628723
5417,4381,3276,0.3318837881088257
5418,4381,1653,0.33183833956718445
5419,4381,5281,0.3318215608596802
5420,4381,4018,0.33172157406806946
5421,4381,4371,0.33168214559555054
5422,4381,6176,0.33167365193367004
5423,4381,761,0.3316342532634735
5424,4381,2699,0.3316330909729004
5425,4381,2646,0.33161577582359314
5426,4381,1304,0.3315403163433075
5427,4381,4627,0.3315040171146393
5428,4381,1754,0.3314843475818634
5429,4381,5394,0.33147743344306946
5430,4381,2754,0.3314739763736725
5431,4381,5977,0.3313808739185333
5432,4381,15,0.33137357234954834
5433,4381,2775,0.33137038350105286
5434,4381,3568,0.33135178685188293
5435,4381,1958,0.3312985897064209
5436,4381,3254,0.3312474191188812
5437,4381,1337,0.33124616742134094
5438,4381,5579,0.3312356472015381
5439,4381,2124,0.3311292827129364
5440,4381,3465,0.33111289143562317
5441,4381,1363,0.33102235198020935
5442,4381,4434,0.33087289333343506
5443,4381,4774,0.33085381984710693
5444,4381,5827,0.3308037221431732
5445,4381,4237,0.3307795226573944
5446,4381,3381,0.33074823021888733
5447,4381,6140,0.3306826949119568
5448,4381,3183,0.33062097430229187
5449,4381,4537,0.3304756283760071
5450,4381,6065,0.3304738700389862
5451,4381,4641,0.3303677439689636
5452,4381,3273,0.3303002715110779
5453,4381,4557,0.3302188813686371
5454,4381,907,0.33019763231277466
5455,4381,3321,0.3301745653152466
5456,4381,4825,0.33012112975120544
5457,4381,4848,0.3300827145576477
5458,4381,592,0.32999369502067566
5459,4381,5417,0.32998716831207275
5460,4381,519,0.32995665073394775
5461,4381,2346,0.32993748784065247
5462,4381,924,0.3299293518066406
5463,4381,5398,0.3298977315425873
5464,4381,3399,0.3298250436782837
5465,4381,1036,0.32975322008132935
5466,4381,3893,0.32968801259994507
5467,4381,3870,0.3296815752983093
5468,4381,3199,0.32963117957115173
5469,4381,4804,0.3295438885688782
5470,4381,5787,0.3294878602027893
5471,4381,5897,0.32942143082618713
5472,4381,1826,0.3294202983379364
5473,4381,3560,0.32939186692237854
5474,4381,2081,0.32933545112609863
5475,4381,4054,0.32927942276000977
5476,4381,1029,0.3292555809020996
5477,4381,5387,0.3291550874710083
5478,4381,5444,0.32905319333076477
5479,4381,3850,0.3290421664714813
5480,4381,1077,0.32901716232299805
5481,4381,5589,0.3289112448692322
5482,4381,6288,0.3287957012653351
5483,4381,3107,0.3287634253501892
5484,4381,944,0.3287302851676941
5485,4381,1022,0.3285873234272003
5486,4381,5495,0.3285835385322571
5487,4381,2235,0.32851937413215637
5488,4381,3118,0.3285013735294342
5489,4381,1682,0.3284752368927002
5490,4381,990,0.3283962309360504
5491,4381,609,0.3283648192882538
5492,4381,1722,0.3283202052116394
5493,4381,4206,0.3283107876777649
5494,4381,1415,0.3281891942024231
5495,4381,1455,0.3281604051589966
5496,4381,3829,0.32813188433647156
5497,4381,1019,0.32802361249923706
5498,4381,4979,0.3280089795589447
5499,4381,5891,0.3279966115951538
5500,4381,5898,0.32793769240379333
5501,4381,3586,0.3278936743736267
5502,4381,3054,0.3278855085372925
5503,4381,2268,0.3278612494468689
5504,4381,776,0.32780975103378296
5505,4381,218,0.32779163122177124
5506,4381,2381,0.32778167724609375
5507,4381,1394,0.3277786374092102
5508,4381,3084,0.3276890516281128
5509,4381,4154,0.32763907313346863
5510,4381,4755,0.3276381194591522
5511,4381,237,0.3276285231113434
5512,4381,5622,0.3274497985839844
5513,4381,6397,0.32739490270614624
5514,4381,3087,0.3273853361606598
5515,4381,4007,0.3270440399646759
5516,4381,743,0.3269587457180023
5517,4381,1287,0.32694074511528015
5518,4381,2102,0.3269312381744385
5519,4381,1693,0.326886385679245
5520,4381,5427,0.326867014169693
5521,4381,3287,0.32684266567230225
5522,4381,3649,0.32683709263801575
5523,4381,5741,0.32682883739471436
5524,4381,1205,0.3268245458602905
5525,4381,5461,0.326762855052948
5526,4381,6374,0.3267204463481903
5527,4381,4973,0.3266094923019409
5528,4381,4703,0.3265175223350525
5529,4381,1182,0.3264813721179962
5530,4381,3689,0.32644835114479065
5531,4381,5231,0.3264009356498718
5532,4381,1178,0.3263472616672516
5533,4381,1184,0.32619965076446533
5534,4381,5782,0.3261939287185669
5535,4381,2802,0.3261703848838806
5536,4381,4894,0.326078325510025
5537,4381,1686,0.32607781887054443
5538,4381,3004,0.3259529173374176
5539,4381,1042,0.32592564821243286
5540,4381,2860,0.32591933012008667
5541,4381,5449,0.3259158730506897
5542,4381,2811,0.3258224427700043
5543,4381,1888,0.32579076290130615
5544,4381,1170,0.3257753252983093
5545,4381,4704,0.32576996088027954
5546,4381,5840,0.3257618546485901
5547,4381,1326,0.32551679015159607
5548,4381,3317,0.3254232704639435
5549,4381,1321,0.3254208266735077
5550,4381,2016,0.3253944516181946
5551,4381,2693,0.32538098096847534
5552,4381,3408,0.32528385519981384
5553,4381,3719,0.3252491056919098
5554,4381,2592,0.3252316117286682
5555,4381,3257,0.32515180110931396
5556,4381,5580,0.32512059807777405
5557,4381,3255,0.32506129145622253
5558,4381,83,0.32497236132621765
5559,4381,1883,0.32490700483322144
5560,4381,3483,0.32487985491752625
5561,4381,1414,0.32486262917518616
5562,4381,3754,0.3248613774776459
5563,4381,1300,0.3247905373573303
5564,4381,2331,0.32476627826690674
5565,4381,2691,0.324566513299942
5566,4381,854,0.32451584935188293
5567,4381,3292,0.3244965672492981
5568,4381,3903,0.3244662284851074
5569,4381,3166,0.324459433555603
5570,4381,2568,0.32435524463653564
5571,4381,2227,0.3243381679058075
5572,4381,4758,0.3243098556995392
5573,4381,1945,0.3242199420928955
5574,4381,979,0.3241216242313385
5575,4381,3019,0.3240743577480316
5576,4381,3456,0.3240657150745392
5577,4381,1674,0.3240569233894348
5578,4381,6271,0.32401177287101746
5579,4381,5575,0.3240026831626892
5580,4381,3945,0.3239624798297882
5581,4381,1089,0.3239521086215973
5582,4381,6399,0.3239385783672333
5583,4381,1580,0.32393303513526917
5584,4381,5505,0.32381170988082886
5585,4381,3527,0.32374268770217896
5586,4381,3908,0.3237362205982208
5587,4381,4335,0.32369428873062134
5588,4381,2781,0.3236646056175232
5589,4381,3561,0.3236461579799652
5590,4381,3005,0.3236140012741089
5591,4381,3824,0.3236115574836731
5592,4381,1872,0.32359734177589417
5593,4381,427,0.32358014583587646
5594,4381,2591,0.32356610894203186
5595,4381,3129,0.32350558042526245
5596,4381,5268,0.32347187399864197
5597,4381,5583,0.32341158390045166
5598,4381,5966,0.3233884871006012
5599,4381,3718,0.3232729136943817
5600,4381,2155,0.3232487738132477
5601,4381,4547,0.323201447725296
5602,4381,5143,0.323142409324646
5603,4381,6317,0.3231337070465088
5604,4381,1322,0.3230922818183899
5605,4381,6104,0.3230839967727661
5606,4381,147,0.3229435384273529
5607,4381,2551,0.32292285561561584
5608,4381,2627,0.32283544540405273
5609,4381,4011,0.3227175176143646
5610,4381,1067,0.32261979579925537
5611,4381,2877,0.32256972789764404
5612,4381,4108,0.32253509759902954
5613,4381,1293,0.32245463132858276
5614,4381,4794,0.3224376142024994
5615,4381,3769,0.3222948908805847
5616,4381,3938,0.3222595751285553
5617,4381,3771,0.3221559524536133
5618,4381,1419,0.32213130593299866
5619,4381,3692,0.3220941424369812
5620,4381,1095,0.32206666469573975
5621,4381,1916,0.32206615805625916
5622,4381,2431,0.32202720642089844
5623,4381,3100,0.32198870182037354
5624,4381,3982,0.321988582611084
5625,4381,3098,0.32182708382606506
5626,4381,3984,0.3218076527118683
5627,4381,1282,0.32176414132118225
5628,4381,2509,0.3217432498931885
5629,4381,1055,0.32173147797584534
5630,4381,5176,0.32161957025527954
5631,4381,3125,0.32161107659339905
5632,4381,630,0.3216091990470886
5633,4381,5947,0.32159700989723206
5634,4381,285,0.3214976191520691
5635,4381,5457,0.32149362564086914
5636,4381,3240,0.3214128613471985
5637,4381,1695,0.3214118778705597
5638,4381,672,0.32132071256637573
5639,4381,3632,0.32131150364875793
5640,4381,5073,0.32129624485969543
5641,4381,2806,0.32110702991485596
5642,4381,3553,0.3209819495677948
5643,4381,3995,0.3209066689014435
5644,4381,2192,0.3209034502506256
5645,4381,3783,0.32084161043167114
5646,4381,6243,0.32069623470306396
5647,4381,5474,0.32061657309532166
5648,4381,6015,0.32057827711105347
5649,4381,4458,0.320563942193985
5650,4381,3882,0.320528507232666
5651,4381,2283,0.3205183744430542
5652,4381,3495,0.3204612135887146
5653,4381,3907,0.32044750452041626
5654,4381,3082,0.32043418288230896
5655,4381,3318,0.32043299078941345
5656,4381,3038,0.3203922510147095
5657,4381,3346,0.3203674256801605
5658,4381,2800,0.32020002603530884
5659,4381,4713,0.32018017768859863
5660,4381,5992,0.32014143466949463
5661,4381,3037,0.3201140761375427
5662,4381,3419,0.3201087713241577
5663,4381,3139,0.31984344124794006
5664,4381,3697,0.31981271505355835
5665,4381,3284,0.31980565190315247
5666,4381,3152,0.3197174370288849
5667,4381,2798,0.31970396637916565
5668,4381,4644,0.3195357918739319
5669,4381,5906,0.31945380568504333
5670,4381,5392,0.3194347620010376
5671,4381,5517,0.3194054365158081
5672,4381,2109,0.3193500339984894
5673,4381,5283,0.319335401058197
5674,4381,588,0.31927579641342163
5675,4381,3657,0.3191637694835663
5676,4381,3795,0.31899264454841614
5677,4381,3757,0.31899264454841614
5678,4381,5333,0.31899264454841614
5679,4381,2342,0.31899264454841614
5680,4381,2917,0.31899264454841614
5681,4381,1578,0.31899264454841614
5682,4381,5334,0.31899264454841614
5683,4381,102,0.31899264454841614
5684,4381,3576,0.31899264454841614
5685,4381,1583,0.31899264454841614
5686,4381,1071,0.31899264454841614
5687,4381,3780,0.31899264454841614
5688,4381,4622,0.31899264454841614
5689,4381,2911,0.31899264454841614
5690,4381,3584,0.31899264454841614
5691,4381,3550,0.31899264454841614
5692,4381,6198,0.31899264454841614
5693,4381,3876,0.31899264454841614
5694,4381,4690,0.31899264454841614
5695,4381,3271,0.31899264454841614
5696,4381,5121,0.31899264454841614
5697,4381,5043,0.31899264454841614
5698,4381,13,0.31899264454841614
5699,4381,1683,0.31899264454841614
5700,4381,344,0.31899264454841614
5701,4381,1043,0.31899264454841614
5702,4381,2929,0.31899264454841614
5703,4381,4548,0.31897443532943726
5704,4381,2024,0.31896713376045227
5705,4381,5953,0.3189539611339569
5706,4381,5665,0.31890711188316345
5707,4381,2528,0.3187437057495117
5708,4381,5677,0.31871700286865234
5709,4381,1967,0.3187137842178345
5710,4381,5452,0.3186783790588379
5711,4381,3931,0.318623423576355
5712,4381,6043,0.3186224102973938
5713,4381,1818,0.3185005486011505
5714,4381,3259,0.3184802234172821
5715,4381,3732,0.31837010383605957
5716,4381,4809,0.3182573616504669
5717,4381,2683,0.3182496726512909
5718,4381,3999,0.3182472884654999
5719,4381,6119,0.31821149587631226
5720,4381,1402,0.31819936633110046
5721,4381,4133,0.3181787133216858
5722,4381,248,0.3181633949279785
5723,4381,3954,0.31807106733322144
5724,4381,843,0.31806108355522156
5725,4381,5203,0.3179551661014557
5726,4381,1570,0.3179442584514618
5727,4381,2718,0.3178892433643341
5728,4381,227,0.31788089871406555
5729,4381,302,0.31784263253211975
5730,4381,1560,0.31783047318458557
5731,4381,1091,0.3178239166736603
5732,4381,3901,0.31781893968582153
5733,4381,3265,0.31778278946876526
5734,4381,2055,0.3177199363708496
5735,4381,4786,0.31766846776008606
5736,4381,5146,0.3175671696662903
5737,4381,3065,0.31748881936073303
5738,4381,1057,0.317351371049881
5739,4381,2267,0.3173508644104004
5740,4381,3746,0.3173474073410034
5741,4381,6137,0.3173235058784485
5742,4381,2818,0.3173050582408905
5743,4381,3200,0.31725215911865234
5744,4381,603,0.3172264099121094
5745,4381,2590,0.31720858812332153
5746,4381,5872,0.31715327501296997
5747,4381,3696,0.31706520915031433
5748,4381,2816,0.3169998526573181
5749,4381,1098,0.3169308602809906
5750,4381,1248,0.3168940246105194
5751,4381,4234,0.31685179471969604
5752,4381,1128,0.31672242283821106
5753,4381,5088,0.31667718291282654
5754,4381,558,0.3165746033191681
5755,4381,570,0.3165299594402313
5756,4381,2430,0.3165085017681122
5757,4381,999,0.31645888090133667
5758,4381,5113,0.316415399312973
5759,4381,3819,0.3162514269351959
5760,4381,196,0.31617364287376404
5761,4381,3922,0.31611594557762146
5762,4381,5322,0.3160816729068756
5763,4381,5287,0.3160456717014313
5764,4381,4077,0.31584271788597107
5765,4381,5476,0.3157220780849457
5766,4381,1750,0.31565454602241516
5767,4381,988,0.3156466782093048
5768,4381,819,0.31552988290786743
5769,4381,720,0.31543561816215515
5770,4381,5828,0.3154279291629791
5771,4381,2375,0.31536462903022766
5772,4381,1424,0.3152673840522766
5773,4381,350,0.3152129650115967
5774,4381,2919,0.3151540160179138
5775,4381,1905,0.3150683641433716
5776,4381,1688,0.31504809856414795
5777,4381,3516,0.31501734256744385
5778,4381,4536,0.31500545144081116
5779,4381,3644,0.3149702250957489
5780,4381,2740,0.3149314224720001
5781,4381,2616,0.3148995637893677
5782,4381,3344,0.3148646652698517
5783,4381,4709,0.3148500621318817
5784,4381,4125,0.3148115575313568
5785,4381,2925,0.3146918714046478
5786,4381,1656,0.3145425021648407
5787,4381,3280,0.31450122594833374
5788,4381,2906,0.31449437141418457
5789,4381,1139,0.31440261006355286
5790,4381,2878,0.3142845630645752
5791,4381,1672,0.3142155408859253
5792,4381,5882,0.3141784369945526
5793,4381,4243,0.3140336275100708
5794,4381,3628,0.31399989128112793
5795,4381,482,0.3138255476951599
5796,4381,4142,0.31381160020828247
5797,4381,3900,0.3137885630130768
5798,4381,3067,0.31377989053726196
5799,4381,332,0.31367069482803345
5800,4381,2899,0.31364157795906067
5801,4381,1046,0.3136160969734192
5802,4381,3782,0.31346455216407776
5803,4381,2743,0.3134370446205139
5804,4381,1074,0.3133760988712311
5805,4381,480,0.3133252263069153
5806,4381,2325,0.3132622241973877
5807,4381,2970,0.313253790140152
5808,4381,1436,0.3132264316082001
5809,4381,5813,0.31319087743759155
5810,4381,1721,0.3131871223449707
5811,4381,2779,0.3131864070892334
5812,4381,1351,0.31308284401893616
5813,4381,2131,0.31291472911834717
5814,4381,3389,0.31288981437683105
5815,4381,2363,0.3126480281352997
5816,4381,2965,0.31264176964759827
5817,4381,3210,0.3126365840435028
5818,4381,3204,0.3126145601272583
5819,4381,4976,0.3124540448188782
5820,4381,1519,0.3123604357242584
5821,4381,5478,0.3123559355735779
5822,4381,1865,0.3122408986091614
5823,4381,2829,0.31216609477996826
5824,4381,5405,0.31211140751838684
5825,4381,5353,0.31208664178848267
5826,4381,4637,0.31196820735931396
5827,4381,4723,0.31194281578063965
5828,4381,2030,0.31188029050827026
5829,4381,954,0.31181228160858154
5830,4381,2770,0.31170961260795593
5831,4381,6149,0.3114968240261078
5832,4381,5508,0.31140393018722534
5833,4381,5340,0.31135034561157227
5834,4381,3841,0.3113357126712799
5835,4381,3840,0.3113357126712799
5836,4381,6233,0.3113335371017456
5837,4381,1431,0.3113211989402771
5838,4381,929,0.3113142251968384
5839,4381,5148,0.31130170822143555
5840,4381,2985,0.3112851083278656
5841,4381,524,0.31113147735595703
5842,4381,644,0.31112703680992126
5843,4381,5252,0.31111016869544983
5844,4381,5285,0.31092000007629395
5845,4381,5151,0.31050652265548706
5846,4381,3404,0.31038644909858704
5847,4381,5566,0.3103064000606537
5848,4381,2856,0.31009146571159363
5849,4381,1658,0.3100854754447937
5850,4381,3480,0.31006672978401184
5851,4381,4629,0.31005439162254333
5852,4381,4594,0.31003719568252563
5853,4381,5823,0.30996865034103394
5854,4381,2871,0.3099292814731598
5855,4381,6231,0.3098987638950348
5856,4381,4857,0.3097965717315674
5857,4381,800,0.3096780776977539
5858,4381,5742,0.3096192181110382
5859,4381,3394,0.3095656931400299
5860,4381,3726,0.309526264667511
5861,4381,964,0.30949413776397705
5862,4381,4730,0.30948373675346375
5863,4381,2720,0.30941247940063477
5864,4381,380,0.3093544542789459
5865,4381,6075,0.3092401325702667
5866,4381,4246,0.3089655935764313
5867,4381,3892,0.3089609444141388
5868,4381,5292,0.3088562786579132
5869,4381,5152,0.30882060527801514
5870,4381,5557,0.3087250590324402
5871,4381,2803,0.3087170720100403
5872,4381,3336,0.3086824417114258
5873,4381,1039,0.308651328086853
5874,4381,4735,0.3086215853691101
5875,4381,5264,0.30852606892585754
5876,4381,1179,0.3085237741470337
5877,4381,1108,0.3083846867084503
5878,4381,5762,0.3083098530769348
5879,4381,5462,0.3082257807254791
5880,4381,981,0.30821341276168823
5881,4381,3955,0.307971328496933
5882,4381,6223,0.3079582452774048
5883,4381,5225,0.307885080575943
5884,4381,977,0.307844877243042
5885,4381,792,0.3076545000076294
5886,4381,5833,0.3076118528842926
5887,4381,802,0.30757543444633484
5888,4381,4815,0.3075600862503052
5889,4381,3786,0.3075317144393921
5890,4381,3993,0.30751973390579224
5891,4381,2797,0.3073945641517639
5892,4381,289,0.3073359727859497
5893,4381,6101,0.3073103129863739
5894,4381,3939,0.30724039673805237
5895,4381,638,0.30719056725502014
5896,4381,3308,0.30718177556991577
5897,4381,1859,0.3071398437023163
5898,4381,629,0.30713358521461487
5899,4381,5218,0.30704742670059204
5900,4381,3501,0.3070448338985443
5901,4381,3948,0.3070068657398224
5902,4381,5986,0.30689430236816406
5903,4381,4965,0.3068482279777527
5904,4381,5459,0.30683499574661255
5905,4381,5468,0.3068210780620575
5906,4381,4414,0.3067816197872162
5907,4381,5689,0.30677780508995056
5908,4381,3379,0.3066348135471344
5909,4381,1458,0.30656760931015015
5910,4381,2766,0.3065560758113861
5911,4381,3889,0.30654779076576233
5912,4381,738,0.30644524097442627
5913,4381,3626,0.30643025040626526
5914,4381,3766,0.30640149116516113
5915,4381,1253,0.30639126896858215
5916,4381,3348,0.306336373090744
5917,4381,4407,0.3063121438026428
5918,4381,5458,0.3062934875488281
5919,4381,3620,0.30628451704978943
5920,4381,4033,0.3062659502029419
5921,4381,4605,0.30618855357170105
5922,4381,4763,0.3061700463294983
5923,4381,6359,0.3061167597770691
5924,4381,4210,0.30607280135154724
5925,4381,6316,0.3060619533061981
5926,4381,3126,0.3060300052165985
5927,4381,3654,0.3059581220149994
5928,4381,5764,0.30586710572242737
5929,4381,6221,0.3058498203754425
5930,4381,3997,0.3057488203048706
5931,4381,1680,0.30569449067115784
5932,4381,2230,0.30564674735069275
5933,4381,5338,0.3055877685546875
5934,4381,5228,0.30550748109817505
5935,4381,2579,0.3054978549480438
5936,4381,2598,0.3054487407207489
5937,4381,2406,0.30526459217071533
5938,4381,813,0.3052142262458801
5939,4381,5017,0.3051934838294983
5940,4381,2671,0.30510008335113525
5941,4381,3891,0.30496299266815186
5942,4381,4749,0.30495551228523254
5943,4381,2083,0.30486705899238586
5944,4381,901,0.3046008050441742
5945,4381,2278,0.3045361340045929
5946,4381,5367,0.3045053482055664
5947,4381,6019,0.3044513761997223
5948,4381,2002,0.3044484853744507
5949,4381,1710,0.30442509055137634
5950,4381,3140,0.3044136166572571
5951,4381,5358,0.30434730648994446
5952,4381,5670,0.30434492230415344
5953,4381,2996,0.30421292781829834
5954,4381,5170,0.3041668236255646
5955,4381,2162,0.30411025881767273
5956,4381,6001,0.3040749430656433
5957,4381,3953,0.3039931058883667
5958,4381,5383,0.3039802014827728
5959,4381,3877,0.3035809397697449
5960,4381,2836,0.30343103408813477
5961,4381,4665,0.30336371064186096
5962,4381,2594,0.3033370077610016
5963,4381,1505,0.30323606729507446
5964,4381,2796,0.3030785918235779
5965,4381,4071,0.3029384911060333
5966,4381,5591,0.3026307225227356
5967,4381,1406,0.30251163244247437
5968,4381,5307,0.3024923801422119
5969,4381,6252,0.30245447158813477
5970,4381,3325,0.30237919092178345
5971,4381,3894,0.30236178636550903
5972,4381,4524,0.3021223843097687
5973,4381,593,0.30204758048057556
5974,4381,5012,0.3020438849925995
5975,4381,124,0.30200591683387756
5976,4381,10,0.30180132389068604
5977,4381,5862,0.3017776906490326
5978,4381,3563,0.3017367720603943
5979,4381,3603,0.301668256521225
5980,4381,589,0.3015700578689575
5981,4381,5448,0.3015660047531128
5982,4381,2735,0.301510214805603
5983,4381,1099,0.3013223707675934
5984,4381,57,0.30124855041503906
5985,4381,1038,0.3012445867061615
5986,4381,5003,0.30122292041778564
5987,4381,4521,0.30116981267929077
5988,4381,5325,0.3011474013328552
5989,4381,268,0.30112114548683167
5990,4381,567,0.30095621943473816
5991,4381,3444,0.300955593585968
5992,4381,3024,0.30093005299568176
5993,4381,686,0.30091655254364014
5994,4381,5318,0.3007969558238983
5995,4381,4660,0.3007844388484955
5996,4381,5357,0.3007596731185913
5997,4381,2893,0.3006467819213867
5998,4381,3051,0.300632506608963
5999,4381,5574,0.30063027143478394
6000,4381,2758,0.3005768954753876
6001,4381,1129,0.30044156312942505
6002,4381,847,0.3004269301891327
6003,4381,3753,0.30022040009498596
6004,4381,1588,0.30018654465675354
6005,4381,5805,0.3001568615436554
6006,4381,3951,0.3001396059989929
6007,4381,2869,0.29988983273506165
6008,4381,5988,0.29988059401512146
6009,4381,1652,0.2998795509338379
6010,4381,1310,0.2998790740966797
6011,4381,3048,0.29983973503112793
6012,4381,5314,0.29976654052734375
6013,4381,1084,0.299716591835022
6014,4381,5229,0.2997061312198639
6015,4381,3596,0.2996857762336731
6016,4381,288,0.29963523149490356
6017,4381,5097,0.2995699942111969
6018,4381,368,0.2995240390300751
6019,4381,5403,0.29947593808174133
6020,4381,2789,0.29946839809417725
6021,4381,6090,0.2992869019508362
6022,4381,1262,0.2991933822631836
6023,4381,3221,0.2991575300693512
6024,4381,6203,0.299011766910553
6025,4381,3949,0.2990105152130127
6026,4381,5092,0.2988932132720947
6027,4381,4258,0.29884305596351624
6028,4381,3440,0.2987661063671112
6029,4381,1270,0.29857882857322693
6030,4381,4336,0.2985092103481293
6031,4381,2945,0.2984657287597656
6032,4381,2138,0.29836204648017883
6033,4381,2853,0.2983197569847107
6034,4381,3364,0.29831165075302124
6035,4381,2807,0.29821714758872986
6036,4381,4032,0.29814597964286804
6037,4381,2943,0.29805248975753784
6038,4381,222,0.2980177402496338
6039,4381,341,0.2979940176010132
6040,4381,4742,0.29790931940078735
6041,4381,3896,0.29784905910491943
6042,4381,3777,0.29782065749168396
6043,4381,5222,0.2977839708328247
6044,4381,1276,0.29772353172302246
6045,4381,2670,0.29769670963287354
6046,4381,3406,0.2976688742637634
6047,4381,6016,0.29755693674087524
6048,4381,3804,0.29750877618789673
6049,4381,1907,0.29733002185821533
6050,4381,810,0.2970539331436157
6051,4381,4281,0.29703086614608765
6052,4381,3600,0.29697340726852417
6053,4381,2311,0.296957403421402
6054,4381,2833,0.29692256450653076
6055,4381,2004,0.29688751697540283
6056,4381,4516,0.29674795269966125
6057,4381,2575,0.2964494526386261
6058,4381,4196,0.2961145341396332
6059,4381,4412,0.29605382680892944
6060,4381,5275,0.29587259888648987
6061,4381,4837,0.2956664562225342
6062,4381,5243,0.29558297991752625
6063,4381,6053,0.2955668270587921
6064,4381,5241,0.2954998016357422
6065,4381,3736,0.29538846015930176
6066,4381,3329,0.29529476165771484
6067,4381,5440,0.29528483748435974
6068,4381,257,0.2951720952987671
6069,4381,5791,0.29490527510643005
6070,4381,5967,0.2947714328765869
6071,4381,3293,0.29459458589553833
6072,4381,3433,0.29459449648857117
6073,4381,5746,0.29456689953804016
6074,4381,5193,0.2944519817829132
6075,4381,4771,0.29421818256378174
6076,4381,2819,0.294179230928421
6077,4381,3398,0.29412558674812317
6078,4381,6088,0.29409992694854736
6079,4381,612,0.29408201575279236
6080,4381,5217,0.2940044701099396
6081,4381,4980,0.29388001561164856
6082,4381,4651,0.29379433393478394
6083,4381,4540,0.293743759393692
6084,4381,1430,0.29372531175613403
6085,4381,3215,0.2937132716178894
6086,4381,797,0.2936907708644867
6087,4381,948,0.2936286926269531
6088,4381,5352,0.293587327003479
6089,4381,569,0.2935616374015808
6090,4381,2903,0.29348257184028625
6091,4381,5460,0.2933792769908905
6092,4381,4416,0.2933753728866577
6093,4381,1267,0.29325002431869507
6094,4381,2097,0.2932162284851074
6095,4381,3160,0.29319819808006287
6096,4381,2963,0.29316186904907227
6097,4381,2759,0.29275619983673096
6098,4381,5506,0.29272857308387756
6099,4381,3941,0.2927083671092987
6100,4381,5466,0.2926539182662964
6101,4381,5436,0.2925938367843628
6102,4381,2757,0.29249221086502075
6103,4381,5640,0.2923608124256134
6104,4381,5845,0.29234418272972107
6105,4381,3680,0.29225683212280273
6106,4381,3929,0.2922506034374237
6107,4381,3233,0.2921503782272339
6108,4381,286,0.2920220196247101
6109,4381,991,0.2920164167881012
6110,4381,3928,0.2917797863483429
6111,4381,2028,0.2916538715362549
6112,4381,5192,0.29139086604118347
6113,4381,940,0.29138344526290894
6114,4381,551,0.29124629497528076
6115,4381,5744,0.29121991991996765
6116,4381,3429,0.29119816422462463
6117,4381,5885,0.2911861836910248
6118,4381,1330,0.2911185920238495
6119,4381,5265,0.29109451174736023
6120,4381,5429,0.2910025715827942
6121,4381,1696,0.2910025417804718
6122,4381,3099,0.29098883271217346
6123,4381,3307,0.2907197177410126
6124,4381,5743,0.29067081212997437
6125,4381,5132,0.29066726565361023
6126,4381,3298,0.2903954088687897
6127,4381,42,0.2903793454170227
6128,4381,3198,0.29024311900138855
6129,4381,1398,0.2902417778968811
6130,4381,4042,0.29003310203552246
6131,4381,6209,0.28999948501586914
6132,4381,5795,0.2899598777294159
6133,4381,5675,0.2896970510482788
6134,4381,2689,0.28964969515800476
6135,4381,4021,0.2896013557910919
6136,4381,4849,0.2892172038555145
6137,4381,5304,0.2892169654369354
6138,4381,2351,0.28920090198516846
6139,4381,3709,0.28904029726982117
6140,4381,5072,0.28902173042297363
6141,4381,5302,0.288857102394104
6142,4381,217,0.2887466847896576
6143,4381,6037,0.2886515259742737
6144,4381,3957,0.2885522246360779
6145,4381,5335,0.28852903842926025
6146,4381,1694,0.28845274448394775
6147,4381,3996,0.2883417308330536
6148,4381,2805,0.28824272751808167
6149,4381,2576,0.2882266938686371
6150,4381,3952,0.2880764305591583
6151,4381,6189,0.28799867630004883
6152,4381,1692,0.28770509362220764
6153,4381,22,0.28768453001976013
6154,4381,4707,0.28766998648643494
6155,4381,2824,0.2876248061656952
6156,4381,3602,0.2873639762401581
6157,4381,3450,0.28728094696998596
6158,4381,5456,0.2871774137020111
6159,4381,2389,0.28713053464889526
6160,4381,906,0.28706449270248413
6161,4381,3428,0.2868742346763611
6162,4381,5158,0.28681930899620056
6163,4381,6234,0.2867226302623749
6164,4381,590,0.2866915166378021
6165,4381,4740,0.28654977679252625
6166,4381,3925,0.2864612340927124
6167,4381,6050,0.28623485565185547
6168,4381,6134,0.2862081825733185
6169,4381,2952,0.28612062335014343
6170,4381,5475,0.28606730699539185
6171,4381,280,0.2860497236251831
6172,4381,5905,0.285966694355011
6173,4381,1842,0.2859359681606293
6174,4381,548,0.2859133183956146
6175,4381,5036,0.28563764691352844
6176,4381,1291,0.28561484813690186
6177,4381,935,0.285533607006073
6178,4381,2938,0.28534841537475586
6179,4381,3401,0.28517863154411316
6180,4381,3839,0.2851768434047699
6181,4381,3778,0.2851456105709076
6182,4381,1709,0.285136878490448
6183,4381,3430,0.28486719727516174
6184,4381,37,0.2848612666130066
6185,4381,2791,0.2848578095436096
6186,4381,2549,0.2846166491508484
6187,4381,3765,0.2842775583267212
6188,4381,5206,0.2842424809932709
6189,4381,1445,0.2839631140232086
6190,4381,1579,0.2837541103363037
6191,4381,5396,0.28358328342437744
6192,4381,1677,0.28354498744010925
6193,4381,1014,0.28324833512306213
6194,4381,4727,0.2831445038318634
6195,4381,5239,0.2831108570098877
6196,4381,3390,0.2828785181045532
6197,4381,5365,0.2827313542366028
6198,4381,5348,0.28270021080970764
6199,4381,869,0.2826821208000183
6200,4381,975,0.28268134593963623
6201,4381,5071,0.28250735998153687
6202,4381,5081,0.2823486030101776
6203,4381,5984,0.28214141726493835
6204,4381,1296,0.28189748525619507
6205,4381,5503,0.2818484902381897
6206,4381,2784,0.2817416489124298
6207,4381,3319,0.281740665435791
6208,4381,3491,0.2817152142524719
6209,4381,2558,0.2816621661186218
6210,4381,2688,0.2814984917640686
6211,4381,5298,0.28138625621795654
6212,4381,3658,0.28131303191185
6213,4381,3310,0.28111162781715393
6214,4381,1003,0.28086772561073303
6215,4381,2831,0.2807227075099945
6216,4381,290,0.28069597482681274
6217,4381,4626,0.28055769205093384
6218,4381,3251,0.2805013656616211
6219,4381,1249,0.2804734408855438
6220,4381,2837,0.2801147401332855
6221,4381,4734,0.2799743711948395
6222,4381,3001,0.2799571752548218
6223,4381,1030,0.27983471751213074
6224,4381,111,0.27972760796546936
6225,4381,3097,0.2794737219810486
6226,4381,5410,0.2794634699821472
6227,4381,1685,0.27945077419281006
6228,4381,4271,0.2793470323085785
6229,4381,5313,0.2793390154838562
6230,4381,3335,0.27920228242874146
6231,4381,3377,0.2791295051574707
6232,4381,1844,0.27885934710502625
6233,4381,5316,0.2788257300853729
6234,4381,833,0.27857425808906555
6235,4381,5657,0.2785532772541046
6236,4381,2589,0.278537780046463
6237,4381,5793,0.2781505882740021
6238,4381,6029,0.27809038758277893
6239,4381,5389,0.2780309021472931
6240,4381,1000,0.2780190110206604
6241,4381,3447,0.27780240774154663
6242,4381,4037,0.27771174907684326
6243,4381,5317,0.2774737775325775
6244,4381,2804,0.27744296193122864
6245,4381,5226,0.2773910164833069
6246,4381,4520,0.27694791555404663
6247,4381,6084,0.27678242325782776
6248,4381,5463,0.27669820189476013
6249,4381,3811,0.2763786315917969
6250,4381,1260,0.276307076215744
6251,4381,3008,0.2758927047252655
6252,4381,3412,0.2757886052131653
6253,4381,1012,0.2748897969722748
6254,4381,5315,0.2746235728263855
6255,4381,6145,0.27415236830711365
6256,4381,2353,0.2740757167339325
6257,4381,6098,0.27382180094718933
6258,4381,4356,0.27378061413764954
6259,4381,3131,0.2737196981906891
6260,4381,3943,0.27325183153152466
6261,4381,3714,0.27316153049468994
6262,4381,3305,0.2728417217731476
6263,4381,1586,0.2723638713359833
6264,4381,5076,0.27221134305000305
6265,4381,4975,0.272100031375885
6266,4381,1144,0.27202746272087097
6267,4381,4733,0.271792471408844
6268,4381,3017,0.27178171277046204
6269,4381,2602,0.27168887853622437
6270,4381,18,0.27164554595947266
6271,4381,4981,0.2713445723056793
6272,4381,1020,0.27128276228904724
6273,4381,587,0.27124935388565063
6274,4381,5930,0.2711426913738251
6275,4381,3833,0.27105891704559326
6276,4381,3258,0.27103668451309204
6277,4381,3868,0.2704693675041199
6278,4381,1678,0.270442396402359
6279,4381,2393,0.2703702747821808
6280,4381,1138,0.2703033983707428
6281,4381,2348,0.2702898383140564
6282,4381,5796,0.2702482044696808
6283,4381,5278,0.2702195942401886
6284,4381,4222,0.27015599608421326
6285,4381,5279,0.2697627544403076
6286,4381,4221,0.26928314566612244
6287,4381,5453,0.2692164182662964
6288,4381,4136,0.26906418800354004
6289,4381,1009,0.26861193776130676
6290,4381,3270,0.2685282826423645
6291,4381,941,0.2684875428676605
6292,4381,4762,0.26843419671058655
6293,4381,4551,0.26746445894241333
6294,4381,4177,0.2674542963504791
6295,4381,740,0.2672831118106842
6296,4381,899,0.2672831118106842
6297,4381,5686,0.2671757936477661
6298,4381,4039,0.26656046509742737
6299,4381,5297,0.2664424180984497
6300,4381,1671,0.2661546766757965
6301,4381,2823,0.26579225063323975
6302,4381,1459,0.26560381054878235
6303,4381,283,0.26559963822364807
6304,4381,1561,0.26557478308677673
6305,4381,5473,0.2655419409275055
6306,4381,1463,0.2654308080673218
6307,4381,544,0.26494932174682617
6308,4381,121,0.26483914256095886
6309,4381,4721,0.26395782828330994
6310,4381,5428,0.2632526457309723
6311,4381,3828,0.26324737071990967
6312,4381,2870,0.2631175220012665
6313,4381,5291,0.2631165683269501
6314,4381,2905,0.2629634737968445
6315,4381,4722,0.2628229260444641
6316,4381,3226,0.26275843381881714
6317,4381,5230,0.2625077962875366
6318,4381,5189,0.26178571581840515
6319,4381,5943,0.26156923174858093
6320,4381,1701,0.2614082992076874
6321,4381,5824,0.2611317038536072
6322,4381,936,0.2607836425304413
6323,4381,5184,0.2606685757637024
6324,4381,950,0.2604934573173523
6325,4381,3944,0.2603052258491516
6326,4381,2813,0.26016584038734436
6327,4381,2920,0.26009663939476013
6328,4381,4891,0.2599017918109894
6329,4381,59,0.2598345875740051
6330,4381,135,0.2592313289642334
6331,4381,2544,0.2591240108013153
6332,4381,3788,0.25911808013916016
6333,4381,3422,0.2588864266872406
6334,4381,4888,0.25887733697891235
6335,4381,5296,0.2566431760787964
6336,4381,4239,0.2564457058906555
6337,4381,5375,0.25591886043548584
6338,4381,4491,0.2557845115661621
6339,4381,3359,0.25555741786956787
6340,4381,1366,0.2555232644081116
6341,4381,3803,0.25549206137657166
6342,4381,3427,0.25494593381881714
6343,4381,6218,0.2546652555465698
6344,4381,3781,0.2545602023601532
6345,4381,5948,0.25418105721473694
6346,4381,1432,0.2541240155696869
6347,4381,3940,0.2538163363933563
6348,4381,1705,0.2536834478378296
6349,4381,6129,0.2534911036491394
6350,4381,3400,0.25342127680778503
6351,4381,2667,0.25292688608169556
6352,4381,5645,0.2518536448478699
6353,4381,1689,0.25155967473983765
6354,4381,3698,0.2512896955013275
6355,4381,6240,0.2511405646800995
6356,4381,3041,0.25096437335014343
6357,4381,4223,0.25088557600975037
6358,4381,821,0.2507115304470062
6359,4381,5692,0.25064584612846375
6360,4381,1681,0.25063103437423706
6361,4381,5208,0.25054576992988586
6362,4381,1263,0.2504393756389618
6363,4381,1292,0.2503829896450043
6364,4381,4720,0.250286340713501
6365,4381,1708,0.24986113607883453
6366,4381,568,0.24884915351867676
6367,4381,5111,0.24876715242862701
6368,4381,2673,0.24865427613258362
6369,4381,3770,0.24830597639083862
6370,4381,1760,0.24820899963378906
6371,4381,5999,0.24819505214691162
6372,4381,3224,0.2480643391609192
6373,4381,5372,0.24796345829963684
6374,4381,3895,0.24777211248874664
6375,4381,5390,0.2474517822265625
6376,4381,3163,0.24673181772232056
6377,4381,3539,0.24661441147327423
6378,4381,2868,0.24570266902446747
6379,4381,5102,0.2455538660287857
6380,4381,661,0.24534153938293457
6381,4381,5312,0.2439889907836914
6382,4381,1744,0.24381493031978607
6383,4381,2767,0.24251598119735718
6384,4381,3956,0.24188891053199768
6385,4381,3935,0.24105073511600494
6386,4381,2962,0.2400960922241211
6387,4381,56,0.239411398768425
6388,4381,6239,0.239401713013649
6389,4381,4937,0.23912528157234192
6390,4381,3666,0.2387729436159134
6391,4381,5464,0.23871996998786926
6392,4381,550,0.2378063052892685
6393,4381,2297,0.23773826658725739
6394,4381,2601,0.23721806704998016
6395,4381,3618,0.2365799844264984
6396,4381,3671,0.23508509993553162
6397,4381,5324,0.23468923568725586
6398,4381,4782,0.23411846160888672
6399,4381,2665,0.23411165177822113
6400,4381,209,0.23402149975299835
6401,4381,2882,0.23358206450939178
6402,4381,1593,0.23305504024028778
6403,4381,1582,0.23305504024028778
6404,4381,741,0.23297104239463806
6405,4381,751,0.2317000776529312
6406,4381,1100,0.23075522482395172
6407,4381,4195,0.23064784705638885
6408,4381,586,0.22845236957073212
6409,4381,3034,0.22789081931114197
6410,4381,2876,0.22709566354751587
6411,4381,5250,0.22679144144058228
6412,4381,2946,0.22508631646633148
6413,4381,1395,0.2239169031381607
6414,4381,1185,0.2216101437807083
6415,4381,282,0.2206733524799347
6416,4381,2951,0.22059598565101624
6417,4381,4461,0.220551535487175
6418,4381,75,0.21999970078468323
6419,4381,3556,0.21986381709575653
6420,4381,1667,0.21933725476264954
6421,4381,499,0.21717138588428497
6422,4381,4217,0.21208351850509644
6423,4381,5320,0.20713789761066437
6424,4381,3013,0.19432877004146576
6425,4381,52,0.190183624625206
