,target_num,prod_num,similarity
0,2040,2040,0.9999997019767761
1,2040,2087,0.7907150387763977
2,2040,2933,0.7530606985092163
3,2040,1994,0.7451577186584473
4,2040,1845,0.7351067066192627
5,2040,1920,0.7294954657554626
6,2040,1831,0.7229060530662537
7,2040,3962,0.7216660976409912
8,2040,1978,0.7201188802719116
9,2040,2196,0.7175988554954529
10,2040,2061,0.7149109244346619
11,2040,4061,0.7138515710830688
12,2040,2033,0.706574022769928
13,2040,5115,0.7042756676673889
14,2040,702,0.7035698294639587
15,2040,1965,0.7015961408615112
16,2040,3476,0.7010828256607056
17,2040,2038,0.6981667280197144
18,2040,2163,0.6948201060295105
19,2040,1926,0.6930118203163147
20,2040,1301,0.6924629807472229
21,2040,3636,0.6913368105888367
22,2040,1953,0.6913214325904846
23,2040,1949,0.6867222785949707
24,2040,2082,0.6865783929824829
25,2040,2228,0.6865783929824829
26,2040,1867,0.6864601969718933
27,2040,2069,0.6861905455589294
28,2040,1984,0.6856499314308167
29,2040,1975,0.6833716034889221
30,2040,2314,0.6804413795471191
31,2040,2941,0.6793695688247681
32,2040,2119,0.6782937049865723
33,2040,1307,0.677869975566864
34,2040,2979,0.6767189502716064
35,2040,1989,0.6747175455093384
36,2040,1931,0.6743274927139282
37,2040,4084,0.6710606217384338
38,2040,4582,0.6710013151168823
39,2040,1911,0.670911967754364
40,2040,4062,0.6706417798995972
41,2040,1912,0.6701783537864685
42,2040,1329,0.6696165204048157
43,2040,4858,0.6670660972595215
44,2040,1897,0.6665160059928894
45,2040,2050,0.6665160059928894
46,2040,1882,0.6661759614944458
47,2040,4059,0.6641542911529541
48,2040,2443,0.663938581943512
49,2040,2922,0.6622147560119629
50,2040,2440,0.6620162129402161
51,2040,2185,0.6601845622062683
52,2040,2015,0.6597644686698914
53,2040,2142,0.6597317457199097
54,2040,1955,0.6591193675994873
55,2040,2931,0.6586965322494507
56,2040,1893,0.6582294702529907
57,2040,3663,0.6576911211013794
58,2040,6306,0.6571286916732788
59,2040,2940,0.6565700173377991
60,2040,1303,0.6544703841209412
61,2040,4268,0.6542829275131226
62,2040,1298,0.654114842414856
63,2040,1541,0.6539158225059509
64,2040,2023,0.6538195013999939
65,2040,4176,0.6535245776176453
66,2040,2129,0.6529086828231812
67,2040,1564,0.6510120630264282
68,2040,3745,0.6507452130317688
69,2040,2041,0.6499560475349426
70,2040,1503,0.6487843990325928
71,2040,1847,0.6481853723526001
72,2040,2214,0.6481813192367554
73,2040,2096,0.6481382846832275
74,2040,2026,0.6480511426925659
75,2040,4228,0.6465458273887634
76,2040,2007,0.6461647748947144
77,2040,1348,0.6449371576309204
78,2040,4124,0.6438944339752197
79,2040,2948,0.6435168981552124
80,2040,4882,0.6428723335266113
81,2040,2942,0.6427913308143616
82,2040,2939,0.6427868008613586
83,2040,3983,0.6425460577011108
84,2040,4992,0.6422640085220337
85,2040,264,0.641690194606781
86,2040,4883,0.6409026384353638
87,2040,2498,0.639761745929718
88,2040,4049,0.6395165324211121
89,2040,4232,0.6391961574554443
90,2040,1621,0.6390456557273865
91,2040,4810,0.6388468146324158
92,2040,1391,0.6386754512786865
93,2040,2086,0.6381914019584656
94,2040,2512,0.6380444169044495
95,2040,1533,0.6376895308494568
96,2040,5920,0.6376358866691589
97,2040,1874,0.6371734738349915
98,2040,4055,0.6370947360992432
99,2040,4088,0.6359416842460632
100,2040,2058,0.6353599429130554
101,2040,1487,0.6353517770767212
102,2040,1846,0.6351220011711121
103,2040,2236,0.6345771551132202
104,2040,2399,0.6343727111816406
105,2040,2303,0.6338772177696228
106,2040,2003,0.6337345838546753
107,2040,2702,0.6335644125938416
108,2040,1835,0.6326942443847656
109,2040,5756,0.6322354674339294
110,2040,5661,0.6320351362228394
111,2040,1651,0.6317727565765381
112,2040,1620,0.6307138800621033
113,2040,3093,0.630408525466919
114,2040,2913,0.6301311254501343
115,2040,5118,0.6298215389251709
116,2040,6058,0.6292023658752441
117,2040,2354,0.6291869878768921
118,2040,1834,0.6286352872848511
119,2040,1892,0.6277065277099609
120,2040,2458,0.6272734999656677
121,2040,1615,0.6270471811294556
122,2040,6113,0.6269552111625671
123,2040,1633,0.6268408298492432
124,2040,2271,0.6266123652458191
125,2040,2072,0.6266123652458191
126,2040,1662,0.6261857151985168
127,2040,3775,0.6257296204566956
128,2040,2207,0.625491201877594
129,2040,2505,0.625491201877594
130,2040,3018,0.6254318952560425
131,2040,2027,0.6253544092178345
132,2040,1343,0.6241576671600342
133,2040,4874,0.6225188374519348
134,2040,4251,0.6224702596664429
135,2040,3537,0.6223547458648682
136,2040,2324,0.6222177147865295
137,2040,1311,0.6222013831138611
138,2040,1765,0.6221861243247986
139,2040,5046,0.6218968033790588
140,2040,5884,0.6217969655990601
141,2040,1442,0.6217053532600403
142,2040,5047,0.6216902136802673
143,2040,1508,0.6216427087783813
144,2040,5662,0.6212632060050964
145,2040,2205,0.6210098266601562
146,2040,4044,0.6210016012191772
147,2040,2203,0.6200359463691711
148,2040,2035,0.6197360157966614
149,2040,5573,0.6196251511573792
150,2040,1901,0.6196212768554688
151,2040,4080,0.6193898320198059
152,2040,3787,0.6191010475158691
153,2040,4109,0.6178127527236938
154,2040,4034,0.6176685094833374
155,2040,746,0.6175783276557922
156,2040,2343,0.6161182522773743
157,2040,2252,0.6160567402839661
158,2040,3533,0.6155046820640564
159,2040,6413,0.6149002909660339
160,2040,1393,0.6147201061248779
161,2040,2499,0.6145682334899902
162,2040,2172,0.6143694519996643
163,2040,2009,0.6142842769622803
164,2040,2183,0.6138345003128052
165,2040,2570,0.6137213110923767
166,2040,2239,0.6134854555130005
167,2040,4783,0.613463282585144
168,2040,2118,0.6131553649902344
169,2040,2865,0.6130619049072266
170,2040,5720,0.6130353212356567
171,2040,5847,0.6130175590515137
172,2040,4269,0.6129054427146912
173,2040,5066,0.6124534010887146
174,2040,5016,0.6124151945114136
175,2040,2248,0.6120378375053406
176,2040,2104,0.6114726662635803
177,2040,4873,0.6112226843833923
178,2040,5286,0.6110312342643738
179,2040,1616,0.6110140681266785
180,2040,1929,0.6106640696525574
181,2040,4253,0.6105847954750061
182,2040,5054,0.6102850437164307
183,2040,2232,0.6101974844932556
184,2040,2246,0.6101956367492676
185,2040,711,0.6098092794418335
186,2040,2867,0.6097186207771301
187,2040,1919,0.6096946001052856
188,2040,2866,0.6095262169837952
189,2040,4827,0.6090977787971497
190,2040,2264,0.6089914441108704
191,2040,3113,0.6089280843734741
192,2040,1117,0.6085408926010132
193,2040,6032,0.6079909205436707
194,2040,2200,0.6078762412071228
195,2040,1378,0.6075756549835205
196,2040,4400,0.6074075698852539
197,2040,857,0.607276439666748
198,2040,2165,0.607090175151825
199,2040,5671,0.6069977879524231
200,2040,5039,0.6068401336669922
201,2040,2065,0.6067577004432678
202,2040,1647,0.606705904006958
203,2040,2130,0.6065361499786377
204,2040,5775,0.6063940525054932
205,2040,2263,0.606181263923645
206,2040,2121,0.6061338186264038
207,2040,3616,0.605793297290802
208,2040,3651,0.6054616570472717
209,2040,5499,0.6051461696624756
210,2040,4370,0.6046384572982788
211,2040,5858,0.6042261123657227
212,2040,5308,0.6039645671844482
213,2040,4650,0.6037989258766174
214,2040,1224,0.6035478115081787
215,2040,5030,0.6034212708473206
216,2040,5946,0.6031660437583923
217,2040,2068,0.6022524237632751
218,2040,2463,0.6020676493644714
219,2040,3195,0.601932942867279
220,2040,6408,0.6017491817474365
221,2040,5581,0.6015036106109619
222,2040,4583,0.6012545228004456
223,2040,2184,0.6011893153190613
224,2040,1639,0.6011828780174255
225,2040,546,0.601179838180542
226,2040,5441,0.6008689999580383
227,2040,908,0.6008394360542297
228,2040,5839,0.6008109450340271
229,2040,6362,0.6007465124130249
230,2040,3897,0.600685715675354
231,2040,1513,0.6003233790397644
232,2040,2229,0.6002309322357178
233,2040,6105,0.6002285480499268
234,2040,5561,0.6001385450363159
235,2040,2048,0.6000806093215942
236,2040,2060,0.6000182628631592
237,2040,1841,0.6000074744224548
238,2040,1837,0.5999088287353516
239,2040,1998,0.5997928380966187
240,2040,2401,0.599480152130127
241,2040,2201,0.5993613004684448
242,2040,6028,0.5992913842201233
243,2040,5863,0.5992657542228699
244,2040,1243,0.5990422368049622
245,2040,5911,0.5986037850379944
246,2040,1440,0.5981152057647705
247,2040,5450,0.5979557037353516
248,2040,6099,0.5977673530578613
249,2040,1979,0.5976789593696594
250,2040,5613,0.5975722670555115
251,2040,1613,0.5974210500717163
252,2040,2217,0.5968587398529053
253,2040,4165,0.5962022542953491
254,2040,2143,0.5961939692497253
255,2040,780,0.5959586501121521
256,2040,1386,0.5959545969963074
257,2040,2266,0.5959056615829468
258,2040,5776,0.5958291888237
259,2040,2468,0.5953165888786316
260,2040,6047,0.5950865745544434
261,2040,1438,0.5950695276260376
262,2040,3010,0.595061182975769
263,2040,1622,0.5950247645378113
264,2040,1359,0.5946264266967773
265,2040,3220,0.593967080116272
266,2040,2079,0.5937626361846924
267,2040,1065,0.5937202572822571
268,2040,346,0.5936664342880249
269,2040,1951,0.5935397148132324
270,2040,6100,0.5934382081031799
271,2040,1999,0.5933970808982849
272,2040,5552,0.5930910110473633
273,2040,2012,0.5929880738258362
274,2040,1240,0.5929706692695618
275,2040,2158,0.5929335355758667
276,2040,2233,0.5924665331840515
277,2040,4140,0.5924187898635864
278,2040,2400,0.5922946333885193
279,2040,1201,0.591895580291748
280,2040,4995,0.5918104648590088
281,2040,1441,0.5915517210960388
282,2040,4792,0.5914489030838013
283,2040,1242,0.5913779735565186
284,2040,6350,0.5912777185440063
285,2040,6416,0.5912697911262512
286,2040,5606,0.5910258889198303
287,2040,200,0.5909133553504944
288,2040,4148,0.5905851721763611
289,2040,4162,0.5905219912528992
290,2040,5305,0.5903685092926025
291,2040,2429,0.5902817249298096
292,2040,4993,0.5901454091072083
293,2040,5008,0.5899599194526672
294,2040,1488,0.5898656845092773
295,2040,2464,0.5895420908927917
296,2040,1420,0.5894715189933777
297,2040,5625,0.589307427406311
298,2040,6074,0.5889521837234497
299,2040,1779,0.5887689590454102
300,2040,3466,0.5887183547019958
301,2040,4600,0.5885900855064392
302,2040,5950,0.588414192199707
303,2040,6401,0.5882920622825623
304,2040,3167,0.5882127285003662
305,2040,6301,0.588204026222229
306,2040,6337,0.5878567695617676
307,2040,1991,0.5877725481987
308,2040,5810,0.5875871181488037
309,2040,3589,0.587506115436554
310,2040,4087,0.5874608159065247
311,2040,454,0.5873254537582397
312,2040,4859,0.5871806740760803
313,2040,2636,0.5870075225830078
314,2040,2125,0.5869964957237244
315,2040,3973,0.5869887471199036
316,2040,958,0.5869355201721191
317,2040,3479,0.5861106514930725
318,2040,5990,0.586063802242279
319,2040,6102,0.5854480266571045
320,2040,2953,0.5853998064994812
321,2040,732,0.5853350162506104
322,2040,5778,0.5852875709533691
323,2040,903,0.5851300358772278
324,2040,2956,0.5848177075386047
325,2040,2477,0.5848028063774109
326,2040,1853,0.5848028063774109
327,2040,1887,0.5847127437591553
328,2040,6341,0.5846322178840637
329,2040,1782,0.5845982432365417
330,2040,4408,0.5841925740242004
331,2040,6124,0.5840000510215759
332,2040,4687,0.5838256478309631
333,2040,325,0.5833249092102051
334,2040,4863,0.5831888914108276
335,2040,1352,0.5830865502357483
336,2040,3035,0.5829353332519531
337,2040,647,0.5829085111618042
338,2040,856,0.5828325152397156
339,2040,1443,0.5826743841171265
340,2040,4443,0.5826009511947632
341,2040,5866,0.5825570225715637
342,2040,6410,0.5824353098869324
343,2040,1216,0.5824254751205444
344,2040,1411,0.5823727250099182
345,2040,2895,0.5820876955986023
346,2040,6332,0.581932008266449
347,2040,4240,0.5813588500022888
348,2040,2111,0.5813312530517578
349,2040,5089,0.5810711979866028
350,2040,4454,0.5810118913650513
351,2040,1963,0.580775260925293
352,2040,4609,0.5807328820228577
353,2040,2249,0.5806026458740234
354,2040,3617,0.5805131196975708
355,2040,6181,0.5802679657936096
356,2040,3243,0.5796647667884827
357,2040,6407,0.5796257853507996
358,2040,2379,0.5794934630393982
359,2040,5284,0.5793418288230896
360,2040,2817,0.5791512131690979
361,2040,6373,0.5791414380073547
362,2040,674,0.5790639519691467
363,2040,5696,0.5790578722953796
364,2040,2914,0.5790354013442993
365,2040,4270,0.5788922309875488
366,2040,4648,0.5788455009460449
367,2040,4035,0.5787667632102966
368,2040,4568,0.5787634253501892
369,2040,5875,0.5787603855133057
370,2040,2886,0.5785086154937744
371,2040,2075,0.5784279704093933
372,2040,6121,0.5783969759941101
373,2040,2001,0.5782927870750427
374,2040,5270,0.57793128490448
375,2040,2195,0.5778448581695557
376,2040,4926,0.5772266387939453
377,2040,1244,0.577060341835022
378,2040,4332,0.5770565271377563
379,2040,2373,0.5769780874252319
380,2040,4163,0.5767866969108582
381,2040,2916,0.5767735242843628
382,2040,2198,0.5765569806098938
383,2040,816,0.5762377381324768
384,2040,6128,0.5762003660202026
385,2040,4201,0.5761456489562988
386,2040,4290,0.5756804943084717
387,2040,1145,0.5756189823150635
388,2040,5860,0.5756083130836487
389,2040,1209,0.575553834438324
390,2040,331,0.575504720211029
391,2040,5806,0.5753421783447266
392,2040,3085,0.575187623500824
393,2040,204,0.5751628875732422
394,2040,1854,0.5750595331192017
395,2040,832,0.5749331712722778
396,2040,4638,0.5749171376228333
397,2040,2432,0.5749039053916931
398,2040,916,0.5747544169425964
399,2040,5023,0.5746729373931885
400,2040,3974,0.5745124220848083
401,2040,4053,0.5743701457977295
402,2040,695,0.5743492841720581
403,2040,6310,0.573797345161438
404,2040,5822,0.5737884044647217
405,2040,4226,0.5734801888465881
406,2040,385,0.5734454989433289
407,2040,2194,0.5732518434524536
408,2040,2045,0.5731298327445984
409,2040,4375,0.5729990601539612
410,2040,4168,0.5729001760482788
411,2040,3812,0.5728877782821655
412,2040,5996,0.572756290435791
413,2040,3091,0.5724403858184814
414,2040,3,0.5723680257797241
415,2040,4337,0.5722516179084778
416,2040,4150,0.5721452236175537
417,2040,1360,0.5721449255943298
418,2040,2972,0.5720625519752502
419,2040,4144,0.5719146132469177
420,2040,5723,0.5719060301780701
421,2040,3114,0.5717111825942993
422,2040,431,0.5713068246841431
423,2040,1817,0.5712041854858398
424,2040,5526,0.5710092782974243
425,2040,5602,0.5709772706031799
426,2040,2782,0.5708656311035156
427,2040,2968,0.5707208514213562
428,2040,1308,0.5705757737159729
429,2040,1279,0.5704436898231506
430,2040,4116,0.5703836679458618
431,2040,2937,0.5702096819877625
432,2040,5819,0.5701113939285278
433,2040,6036,0.5697382688522339
434,2040,5609,0.5694226026535034
435,2040,4051,0.5693961977958679
436,2040,4584,0.5688745975494385
437,2040,4598,0.568533718585968
438,2040,5293,0.5684375762939453
439,2040,4161,0.568410336971283
440,2040,1966,0.5683542490005493
441,2040,1280,0.5682127475738525
442,2040,2074,0.5682081580162048
443,2040,5414,0.5681742429733276
444,2040,4708,0.5681366920471191
445,2040,2450,0.5681023001670837
446,2040,2763,0.5679193735122681
447,2040,6372,0.5678940415382385
448,2040,4186,0.5678756237030029
449,2040,535,0.5678538084030151
450,2040,1868,0.5678326487541199
451,2040,2814,0.5673688650131226
452,2040,5546,0.5672038793563843
453,2040,2966,0.5671930909156799
454,2040,2454,0.5671033263206482
455,2040,694,0.5670827627182007
456,2040,5211,0.5668503642082214
457,2040,5779,0.5666735172271729
458,2040,1980,0.5666301846504211
459,2040,539,0.5665578246116638
460,2040,762,0.5665575265884399
461,2040,4393,0.5663112998008728
462,2040,5542,0.5662490129470825
463,2040,130,0.5662299990653992
464,2040,4351,0.5661026835441589
465,2040,4413,0.5660956501960754
466,2040,3164,0.5660250782966614
467,2040,5560,0.5659052729606628
468,2040,4489,0.5658100247383118
469,2040,1486,0.5658052563667297
470,2040,5212,0.5657462477684021
471,2040,1784,0.5656862258911133
472,2040,197,0.5655524730682373
473,2040,1217,0.565400242805481
474,2040,2204,0.5653610825538635
475,2040,610,0.5653437376022339
476,2040,4453,0.5653173327445984
477,2040,4877,0.5652002096176147
478,2040,1900,0.5651487708091736
479,2040,4814,0.5650221705436707
480,2040,2467,0.5648524165153503
481,2040,2077,0.5647114515304565
482,2040,6333,0.5645424127578735
483,2040,5055,0.5643916726112366
484,2040,172,0.5642991662025452
485,2040,2242,0.5642479658126831
486,2040,6057,0.5640914440155029
487,2040,5585,0.5640695691108704
488,2040,1576,0.5639981031417847
489,2040,1050,0.5639499425888062
490,2040,6348,0.5638303160667419
491,2040,1481,0.5638251304626465
492,2040,2206,0.5636299848556519
493,2040,1532,0.5636038184165955
494,2040,34,0.5634967684745789
495,2040,3242,0.5634487271308899
496,2040,3289,0.563418447971344
497,2040,5698,0.5633272528648376
498,2040,4291,0.5633056163787842
499,2040,4047,0.5631880760192871
500,2040,6031,0.563041627407074
501,2040,884,0.5628873109817505
502,2040,2864,0.5627534985542297
503,2040,1809,0.5626340508460999
504,2040,6364,0.562595546245575
505,2040,3675,0.5624326467514038
506,2040,6158,0.5622590184211731
507,2040,4850,0.5622132420539856
508,2040,5048,0.5621744990348816
509,2040,6296,0.5621242523193359
510,2040,2455,0.5618479251861572
511,2040,447,0.5618323087692261
512,2040,3217,0.5618065595626831
513,2040,2394,0.561614990234375
514,2040,6041,0.5614713430404663
515,2040,1319,0.5614189505577087
516,2040,6328,0.5613910555839539
517,2040,5399,0.5613524317741394
518,2040,4402,0.5613314509391785
519,2040,4252,0.5611348748207092
520,2040,4865,0.561025857925415
521,2040,3965,0.5609976053237915
522,2040,4097,0.5609812140464783
523,2040,1800,0.5609029531478882
524,2040,5835,0.5608937740325928
525,2040,4844,0.560722827911377
526,2040,2000,0.5606107711791992
527,2040,3755,0.5605696439743042
528,2040,4354,0.5605530142784119
529,2040,5106,0.5604766607284546
530,2040,3797,0.5603711605072021
531,2040,3724,0.5602568984031677
532,2040,3092,0.5601323246955872
533,2040,894,0.5597978234291077
534,2040,1444,0.5597940683364868
535,2040,642,0.5597707033157349
536,2040,2975,0.5597186088562012
537,2040,654,0.5596619248390198
538,2040,4031,0.5595852136611938
539,2040,1996,0.5594271421432495
540,2040,2851,0.5592232942581177
541,2040,3536,0.559199333190918
542,2040,1131,0.5591961145401001
543,2040,6325,0.559144914150238
544,2040,4254,0.5590735077857971
545,2040,632,0.5587694048881531
546,2040,6163,0.5587676763534546
547,2040,1148,0.5587331056594849
548,2040,2151,0.5586994886398315
549,2040,2034,0.558681309223175
550,2040,1338,0.5585544109344482
551,2040,971,0.5585416555404663
552,2040,704,0.5583728551864624
553,2040,3070,0.558337390422821
554,2040,2328,0.5583221316337585
555,2040,2148,0.5582354068756104
556,2040,33,0.5580388307571411
557,2040,4257,0.5580289363861084
558,2040,1400,0.5579171776771545
559,2040,3521,0.5578629970550537
560,2040,3994,0.5578585267066956
561,2040,2152,0.5577975511550903
562,2040,6078,0.5577633380889893
563,2040,6013,0.5576306581497192
564,2040,6289,0.5574933886528015
565,2040,5349,0.5574404001235962
566,2040,1903,0.5574032068252563
567,2040,2932,0.5573365092277527
568,2040,6377,0.5572652220726013
569,2040,817,0.5572187304496765
570,2040,1466,0.5571656227111816
571,2040,3971,0.5571021437644958
572,2040,5620,0.5566662549972534
573,2040,5108,0.556647539138794
574,2040,4610,0.5566012859344482
575,2040,4862,0.5565091371536255
576,2040,2659,0.5564860105514526
577,2040,4256,0.5563488602638245
578,2040,835,0.5563067197799683
579,2040,1827,0.5558125376701355
580,2040,4796,0.5558102130889893
581,2040,4273,0.5557225942611694
582,2040,2502,0.5555885434150696
583,2040,5522,0.5554906129837036
584,2040,441,0.5554417371749878
585,2040,4262,0.5554393529891968
586,2040,5421,0.5554333925247192
587,2040,5747,0.5553891658782959
588,2040,1309,0.5553224682807922
589,2040,1286,0.5552688241004944
590,2040,5044,0.555013120174408
591,2040,2062,0.5549595355987549
592,2040,1924,0.5548365712165833
593,2040,4842,0.5548192858695984
594,2040,4889,0.5545619130134583
595,2040,235,0.5545011162757874
596,2040,5763,0.5544511675834656
597,2040,3053,0.5544326305389404
598,2040,2540,0.5543379783630371
599,2040,1785,0.5543105602264404
600,2040,664,0.5542827248573303
601,2040,3421,0.5542558431625366
602,2040,4678,0.5539711713790894
603,2040,5094,0.553812563419342
604,2040,3572,0.553811252117157
605,2040,4340,0.5537590980529785
606,2040,4267,0.5535849332809448
607,2040,5126,0.5535669326782227
608,2040,4392,0.5534952282905579
609,2040,6022,0.5534359216690063
610,2040,3513,0.5533360838890076
611,2040,2428,0.5532703995704651
612,2040,4854,0.5532394051551819
613,2040,1551,0.5531753897666931
614,2040,1839,0.5531748533248901
615,2040,2808,0.5528517365455627
616,2040,169,0.5528335571289062
617,2040,3558,0.5525858998298645
618,2040,266,0.5525325536727905
619,2040,731,0.5523484349250793
620,2040,4149,0.5523297786712646
621,2040,2099,0.5523154735565186
622,2040,4853,0.5522788166999817
623,2040,144,0.5522685647010803
624,2040,710,0.5522537231445312
625,2040,4169,0.5522252917289734
626,2040,3613,0.5521795749664307
627,2040,2418,0.5521607995033264
628,2040,5626,0.552074134349823
629,2040,2396,0.5520152449607849
630,2040,6368,0.5519983768463135
631,2040,4145,0.5518072843551636
632,2040,1988,0.5517916679382324
633,2040,2360,0.551774799823761
634,2040,5634,0.5517521500587463
635,2040,2822,0.5515715479850769
636,2040,3227,0.5515378713607788
637,2040,1769,0.5515250563621521
638,2040,3391,0.5513811111450195
639,2040,4714,0.5513275265693665
640,2040,2961,0.5512641668319702
641,2040,4963,0.5512242317199707
642,2040,3520,0.5512056946754456
643,2040,2704,0.5511776804924011
644,2040,2525,0.5511001944541931
645,2040,2238,0.5510901808738708
646,2040,4409,0.551081657409668
647,2040,6148,0.5510556101799011
648,2040,5854,0.5509359836578369
649,2040,1624,0.5509163737297058
650,2040,4869,0.5507293343544006
651,2040,4299,0.5506888628005981
652,2040,3052,0.5506458282470703
653,2040,2827,0.5506163239479065
654,2040,4146,0.550583004951477
655,2040,1838,0.5504991412162781
656,2040,5722,0.5504736304283142
657,2040,6245,0.5503411889076233
658,2040,4093,0.5502550005912781
659,2040,221,0.5501582622528076
660,2040,6366,0.5500727891921997
661,2040,534,0.5500311851501465
662,2040,4833,0.5498764514923096
663,2040,3844,0.5497153401374817
664,2040,3640,0.5496277809143066
665,2040,2157,0.5495917201042175
666,2040,4170,0.5495645403862
667,2040,910,0.5495172142982483
668,2040,5063,0.5494175553321838
669,2040,909,0.5494070053100586
670,2040,3508,0.5493125915527344
671,2040,338,0.5492669939994812
672,2040,3567,0.5492075085639954
673,2040,4791,0.54902583360672
674,2040,4095,0.5489033460617065
675,2040,3237,0.5489006638526917
676,2040,4183,0.5488834977149963
677,2040,5874,0.548568606376648
678,2040,365,0.5484013557434082
679,2040,2574,0.5483261346817017
680,2040,5730,0.5482588410377502
681,2040,1602,0.5482314825057983
682,2040,4456,0.5481588840484619
683,2040,4818,0.5480816960334778
684,2040,1964,0.5479590892791748
685,2040,838,0.5478653907775879
686,2040,1938,0.5477932691574097
687,2040,3489,0.5477824211120605
688,2040,1525,0.547680675983429
689,2040,2247,0.5476682782173157
690,2040,1302,0.5476478934288025
691,2040,2924,0.5476359724998474
692,2040,526,0.5475788712501526
693,2040,2115,0.5475530028343201
694,2040,1347,0.5474815964698792
695,2040,545,0.5473653674125671
696,2040,5058,0.5472390651702881
697,2040,3722,0.5472145676612854
698,2040,2149,0.5472139120101929
699,2040,3214,0.5471890568733215
700,2040,5755,0.5470786094665527
701,2040,3345,0.5470550060272217
702,2040,5011,0.5469475388526917
703,2040,3694,0.5469338297843933
704,2040,1245,0.5468757748603821
705,2040,6195,0.5466101169586182
706,2040,620,0.546558141708374
707,2040,666,0.5464568734169006
708,2040,3386,0.5464116930961609
709,2040,608,0.5463554263114929
710,2040,5061,0.5463400483131409
711,2040,1539,0.5463337898254395
712,2040,2241,0.5462539196014404
713,2040,2517,0.5462524890899658
714,2040,742,0.5461560487747192
715,2040,5660,0.5461421012878418
716,2040,4684,0.5461308360099792
717,2040,1981,0.5460165739059448
718,2040,387,0.5460056662559509
719,2040,3493,0.5459458231925964
720,2040,6023,0.5458898544311523
721,2040,1288,0.54588383436203
722,2040,611,0.545803964138031
723,2040,6360,0.5457826852798462
724,2040,5843,0.545774519443512
725,2040,3365,0.5455825328826904
726,2040,388,0.5454724431037903
727,2040,444,0.5454686284065247
728,2040,4399,0.5454263687133789
729,2040,3642,0.5453882217407227
730,2040,3683,0.5453214645385742
731,2040,45,0.5451937317848206
732,2040,4681,0.5451287627220154
733,2040,3776,0.545084536075592
734,2040,6388,0.5450229644775391
735,2040,3569,0.5448938012123108
736,2040,754,0.5448896288871765
737,2040,665,0.5448201894760132
738,2040,1679,0.5448092818260193
739,2040,1630,0.5447666049003601
740,2040,6265,0.5445234775543213
741,2040,1197,0.5443584322929382
742,2040,2423,0.5442603230476379
743,2040,6151,0.5441989302635193
744,2040,6033,0.5441685914993286
745,2040,3235,0.5441619753837585
746,2040,4160,0.5441325902938843
747,2040,3980,0.5440969467163086
748,2040,4838,0.5440860390663147
749,2040,5877,0.5438153147697449
750,2040,4189,0.5437766313552856
751,2040,5957,0.5437718033790588
752,2040,1376,0.543753981590271
753,2040,2305,0.5437204837799072
754,2040,1636,0.5434302687644958
755,2040,6396,0.543420135974884
756,2040,2224,0.5433842539787292
757,2040,996,0.5433475375175476
758,2040,1544,0.5431941747665405
759,2040,322,0.5431103110313416
760,2040,2855,0.543003261089325
761,2040,5237,0.5429605841636658
762,2040,4971,0.5429291725158691
763,2040,5868,0.5429250001907349
764,2040,3647,0.5429102778434753
765,2040,3031,0.5428107380867004
766,2040,1987,0.5428095459938049
767,2040,6277,0.5427957773208618
768,2040,5447,0.5426432490348816
769,2040,5704,0.5426210165023804
770,2040,140,0.542481541633606
771,2040,2448,0.5424480438232422
772,2040,1783,0.5424259305000305
773,2040,3387,0.5421261191368103
774,2040,1373,0.5420655608177185
775,2040,2949,0.5420283675193787
776,2040,5901,0.5420119166374207
777,2040,6315,0.5419797301292419
778,2040,4304,0.5419222712516785
779,2040,2521,0.5418744683265686
780,2040,736,0.5418055653572083
781,2040,3272,0.5416598916053772
782,2040,93,0.541537880897522
783,2040,2752,0.5412693023681641
784,2040,5065,0.5409454107284546
785,2040,1468,0.5407958030700684
786,2040,1992,0.5406991243362427
787,2040,5693,0.5406702160835266
788,2040,4929,0.5406687259674072
789,2040,696,0.5406683683395386
790,2040,1491,0.5405169129371643
791,2040,2166,0.5404561161994934
792,2040,6382,0.5404409170150757
793,2040,1517,0.5404261946678162
794,2040,2839,0.5404163599014282
795,2040,6402,0.5403132438659668
796,2040,3575,0.5401791930198669
797,2040,2212,0.5400376319885254
798,2040,2510,0.5400376319885254
799,2040,5366,0.5400081872940063
800,2040,6076,0.5399810075759888
801,2040,2043,0.5399746894836426
802,2040,5533,0.5399333238601685
803,2040,5565,0.5398195385932922
804,2040,4029,0.539762556552887
805,2040,2736,0.5396552681922913
806,2040,4092,0.5396526455879211
807,2040,2414,0.5396350622177124
808,2040,5521,0.5395736694335938
809,2040,94,0.5395607352256775
810,2040,928,0.5395599603652954
811,2040,5902,0.5392993092536926
812,2040,2635,0.5392524003982544
813,2040,1644,0.5391693711280823
814,2040,4717,0.539107620716095
815,2040,3977,0.5391029119491577
816,2040,725,0.5390987396240234
817,2040,143,0.5390891432762146
818,2040,3681,0.5390045642852783
819,2040,4085,0.5389917492866516
820,2040,449,0.538923978805542
821,2040,5774,0.5388853549957275
822,2040,5721,0.538830578327179
823,2040,154,0.5388027429580688
824,2040,4300,0.5386733412742615
825,2040,3295,0.5386664867401123
826,2040,2991,0.5385197401046753
827,2040,1684,0.5384548306465149
828,2040,892,0.5382953882217407
829,2040,1673,0.5382915735244751
830,2040,2769,0.5382120013237
831,2040,4847,0.5381826162338257
832,2040,4835,0.5381795167922974
833,2040,5021,0.537922739982605
834,2040,483,0.5377578735351562
835,2040,2188,0.537738025188446
836,2040,4378,0.5376871824264526
837,2040,4405,0.5376768112182617
838,2040,4388,0.5373973250389099
839,2040,2270,0.5373033285140991
840,2040,1962,0.5372839570045471
841,2040,6406,0.5372716784477234
842,2040,1668,0.5371295809745789
843,2040,5619,0.537041187286377
844,2040,2514,0.5369943976402283
845,2040,5646,0.5369431376457214
846,2040,3599,0.5368700623512268
847,2040,97,0.5366107821464539
848,2040,4063,0.5365071892738342
849,2040,2491,0.5364350080490112
850,2040,2554,0.5363642573356628
851,2040,1977,0.5362482666969299
852,2040,1293,0.5361476540565491
853,2040,1934,0.5361038446426392
854,2040,2173,0.5359749794006348
855,2040,6257,0.5357704162597656
856,2040,2492,0.5356027483940125
857,2040,205,0.5355883836746216
858,2040,6363,0.5355861783027649
859,2040,1215,0.535320520401001
860,2040,1172,0.5351206064224243
861,2040,2391,0.5351199507713318
862,2040,4507,0.535078763961792
863,2040,1772,0.535075843334198
864,2040,414,0.5350667834281921
865,2040,6138,0.5350070595741272
866,2040,3625,0.5350029468536377
867,2040,4383,0.5349919199943542
868,2040,4204,0.5348402261734009
869,2040,2441,0.534773588180542
870,2040,2918,0.5347487926483154
871,2040,1461,0.5346710681915283
872,2040,5136,0.5345762968063354
873,2040,2164,0.534523069858551
874,2040,2424,0.5343831181526184
875,2040,5359,0.5343824625015259
876,2040,5406,0.5342422127723694
877,2040,3146,0.5341973900794983
878,2040,2790,0.5340636372566223
879,2040,354,0.5340000987052917
880,2040,5558,0.5339973568916321
881,2040,455,0.533944308757782
882,2040,2159,0.5338792204856873
883,2040,4575,0.533814549446106
884,2040,2534,0.5337475538253784
885,2040,2245,0.5337146520614624
886,2040,2107,0.5336343050003052
887,2040,1880,0.5336343050003052
888,2040,6370,0.533478319644928
889,2040,750,0.5334697961807251
890,2040,6146,0.5333635210990906
891,2040,5116,0.5333150625228882
892,2040,1608,0.5331933498382568
893,2040,6117,0.5331678986549377
894,2040,4235,0.5331466794013977
895,2040,2526,0.533129096031189
896,2040,6394,0.5330244898796082
897,2040,5240,0.5330151319503784
898,2040,606,0.5330056548118591
899,2040,2332,0.5329089164733887
900,2040,4293,0.5328400731086731
901,2040,4663,0.5326966047286987
902,2040,2862,0.5326600670814514
903,2040,3879,0.5326459407806396
904,2040,2480,0.5326411724090576
905,2040,5559,0.5325074195861816
906,2040,6287,0.5324961543083191
907,2040,1168,0.5324446558952332
908,2040,3328,0.5322760343551636
909,2040,4182,0.5322351455688477
910,2040,5710,0.5322098731994629
911,2040,626,0.5321572422981262
912,2040,5541,0.5321100950241089
913,2040,1889,0.5319880247116089
914,2040,2094,0.5319880247116089
915,2040,2110,0.5317695736885071
916,2040,5056,0.5316906571388245
917,2040,2812,0.5315975546836853
918,2040,1115,0.5315821766853333
919,2040,5004,0.5315197706222534
920,2040,1536,0.5314978361129761
921,2040,4382,0.531487226486206
922,2040,2513,0.5314785242080688
923,2040,4330,0.5314555168151855
924,2040,1133,0.5314406156539917
925,2040,4423,0.5314357876777649
926,2040,3370,0.5314271450042725
927,2040,5903,0.5314125418663025
928,2040,6290,0.5313822627067566
929,2040,4067,0.5313819646835327
930,2040,2080,0.5312577486038208
931,2040,1538,0.5312279462814331
932,2040,2117,0.5312241911888123
933,2040,2220,0.5312241911888123
934,2040,5912,0.5311405658721924
935,2040,6093,0.5310565233230591
936,2040,213,0.5310197472572327
937,2040,3445,0.5309084057807922
938,2040,6159,0.5308698415756226
939,2040,6112,0.5308637619018555
940,2040,2958,0.5308530330657959
941,2040,6386,0.5307506322860718
942,2040,6008,0.5307393670082092
943,2040,5133,0.5306438207626343
944,2040,2412,0.5306194424629211
945,2040,955,0.5306179523468018
946,2040,5025,0.5304083228111267
947,2040,3396,0.5303375124931335
948,2040,4455,0.5302820801734924
949,2040,5531,0.5302008986473083
950,2040,6276,0.530197024345398
951,2040,4994,0.5300548672676086
952,2040,4885,0.5300187468528748
953,2040,2047,0.5299138426780701
954,2040,1480,0.5298993587493896
955,2040,6264,0.529798150062561
956,2040,4294,0.5297978520393372
957,2040,6319,0.5297820568084717
958,2040,5804,0.5297484993934631
959,2040,1617,0.5296714901924133
960,2040,4098,0.5296441912651062
961,2040,372,0.5295517444610596
962,2040,2420,0.5294786691665649
963,2040,1524,0.5294740796089172
964,2040,2843,0.5294492840766907
965,2040,4890,0.5294439792633057
966,2040,523,0.5294297337532043
967,2040,3425,0.5293897986412048
968,2040,4333,0.529380738735199
969,2040,4790,0.5292329788208008
970,2040,6155,0.5291982889175415
971,2040,1207,0.5291962027549744
972,2040,2522,0.5291494727134705
973,2040,6330,0.5289855599403381
974,2040,4657,0.5289531350135803
975,2040,5752,0.5289251804351807
976,2040,1848,0.5288937091827393
977,2040,3490,0.5288417935371399
978,2040,2282,0.5288305878639221
979,2040,50,0.5288255214691162
980,2040,3593,0.5288254618644714
981,2040,2213,0.528785228729248
982,2040,2095,0.528785228729248
983,2040,1195,0.5287850499153137
984,2040,4429,0.5287285447120667
985,2040,3380,0.5285757184028625
986,2040,5881,0.5285636782646179
987,2040,4777,0.5284931063652039
988,2040,541,0.5284855961799622
989,2040,2687,0.5284848809242249
990,2040,6255,0.5284366011619568
991,2040,6061,0.5284279584884644
992,2040,5123,0.5284051895141602
993,2040,2741,0.5282862782478333
994,2040,252,0.5282386541366577
995,2040,6309,0.5282326936721802
996,2040,4624,0.5280367732048035
997,2040,4897,0.5280351042747498
998,2040,5492,0.5279635190963745
999,2040,6419,0.5279451012611389
1000,2040,6411,0.5279169082641602
1001,2040,1942,0.5278573632240295
1002,2040,3373,0.5277436375617981
1003,2040,1096,0.5277420878410339
1004,2040,5617,0.5277125835418701
1005,2040,2089,0.5276508927345276
1006,2040,5179,0.5276230573654175
1007,2040,1591,0.5275776386260986
1008,2040,3090,0.5275115370750427
1009,2040,2850,0.5274644494056702
1010,2040,1537,0.5274469256401062
1011,2040,2261,0.5272319912910461
1012,2040,2008,0.5272276401519775
1013,2040,2738,0.5271191596984863
1014,2040,5570,0.5270975232124329
1015,2040,3678,0.5270689129829407
1016,2040,3136,0.5270590782165527
1017,2040,1116,0.5270166397094727
1018,2040,5815,0.5269256234169006
1019,2040,4592,0.5268978476524353
1020,2040,6299,0.5268949270248413
1021,2040,2971,0.5268830060958862
1022,2040,327,0.5268452167510986
1023,2040,1509,0.5266559720039368
1024,2040,5010,0.5266125202178955
1025,2040,5781,0.5264782309532166
1026,2040,2222,0.526462197303772
1027,2040,3514,0.5264501571655273
1028,2040,1495,0.5263140797615051
1029,2040,4855,0.5262958407402039
1030,2040,4374,0.5262764096260071
1031,2040,4152,0.5262724161148071
1032,2040,411,0.5262338519096375
1033,2040,268,0.5260986089706421
1034,2040,4602,0.5260639190673828
1035,2040,269,0.5260558724403381
1036,2040,4767,0.5260229706764221
1037,2040,4431,0.5259390473365784
1038,2040,5027,0.5258229970932007
1039,2040,3347,0.5257566571235657
1040,2040,1665,0.525661826133728
1041,2040,949,0.5256526470184326
1042,2040,5332,0.5256461501121521
1043,2040,4404,0.5256291031837463
1044,2040,1140,0.5256171822547913
1045,2040,3721,0.5254932045936584
1046,2040,1810,0.5254201292991638
1047,2040,2792,0.5253680944442749
1048,2040,2656,0.5252751111984253
1049,2040,6352,0.5251344442367554
1050,2040,1385,0.5250970721244812
1051,2040,2407,0.5250583291053772
1052,2040,2103,0.524998664855957
1053,2040,4301,0.524957537651062
1054,2040,3478,0.5249326825141907
1055,2040,1646,0.5247778296470642
1056,2040,4076,0.5247575044631958
1057,2040,5780,0.5246421694755554
1058,2040,438,0.5244874954223633
1059,2040,5510,0.5244435667991638
1060,2040,2269,0.5243337154388428
1061,2040,5578,0.5242962837219238
1062,2040,6423,0.5242308378219604
1063,2040,5572,0.52415931224823
1064,2040,137,0.5240920782089233
1065,2040,4389,0.5240632891654968
1066,2040,2240,0.5240299701690674
1067,2040,5514,0.5240206122398376
1068,2040,3372,0.52394038438797
1069,2040,73,0.5238683819770813
1070,2040,6106,0.523749828338623
1071,2040,4259,0.52371746301651
1072,2040,171,0.5236892104148865
1073,2040,5789,0.5236779451370239
1074,2040,2873,0.5235776901245117
1075,2040,1822,0.5235511660575867
1076,2040,1884,0.5235483050346375
1077,2040,874,0.5235335230827332
1078,2040,5876,0.5234812498092651
1079,2040,193,0.5230942368507385
1080,2040,5351,0.5230515599250793
1081,2040,1527,0.5229884386062622
1082,2040,1521,0.5229475498199463
1083,2040,4872,0.5229436159133911
1084,2040,5766,0.5228592753410339
1085,2040,471,0.5227500200271606
1086,2040,4996,0.5227299928665161
1087,2040,3012,0.5226734280586243
1088,2040,5837,0.5226393342018127
1089,2040,4129,0.5226342678070068
1090,2040,6414,0.522596538066864
1091,2040,439,0.522539496421814
1092,2040,3843,0.5225244164466858
1093,2040,6114,0.5224794149398804
1094,2040,1275,0.5224168300628662
1095,2040,2084,0.5224014520645142
1096,2040,378,0.5221546292304993
1097,2040,4501,0.5221357345581055
1098,2040,5524,0.5221304297447205
1099,2040,1918,0.5221251249313354
1100,2040,20,0.5221097469329834
1101,2040,5360,0.5220967531204224
1102,2040,6345,0.5220731496810913
1103,2040,5311,0.5219861268997192
1104,2040,496,0.5219339728355408
1105,2040,6256,0.5218801498413086
1106,2040,4441,0.5218355059623718
1107,2040,842,0.5217169523239136
1108,2040,5001,0.5216784477233887
1109,2040,1654,0.5216729640960693
1110,2040,2388,0.5215768218040466
1111,2040,358,0.5215540528297424
1112,2040,3112,0.5214824676513672
1113,2040,3419,0.521446943283081
1114,2040,3168,0.521439790725708
1115,2040,2295,0.5213935375213623
1116,2040,5509,0.5213842988014221
1117,2040,5632,0.5213812589645386
1118,2040,1345,0.5213483572006226
1119,2040,3197,0.5213456153869629
1120,2040,5009,0.5211243033409119
1121,2040,5711,0.5211204290390015
1122,2040,1638,0.5210093855857849
1123,2040,4686,0.521008312702179
1124,2040,5120,0.5209516286849976
1125,2040,3517,0.5209366679191589
1126,2040,4164,0.5209248661994934
1127,2040,1522,0.5207207202911377
1128,2040,3845,0.5205371975898743
1129,2040,428,0.5204692482948303
1130,2040,4920,0.5204504728317261
1131,2040,139,0.5204368829727173
1132,2040,1601,0.5203621983528137
1133,2040,1542,0.5203271508216858
1134,2040,5532,0.5202885270118713
1135,2040,4350,0.5201685428619385
1136,2040,6149,0.520104169845581
1137,2040,374,0.5200769901275635
1138,2040,6049,0.5199931263923645
1139,2040,2777,0.5199838876724243
1140,2040,4967,0.5197794437408447
1141,2040,5650,0.5197727680206299
1142,2040,4964,0.5197610855102539
1143,2040,602,0.5197272896766663
1144,2040,3541,0.5197078585624695
1145,2040,1936,0.5196608304977417
1146,2040,3725,0.5196574330329895
1147,2040,6415,0.5195589065551758
1148,2040,2832,0.5193797945976257
1149,2040,2553,0.519242525100708
1150,2040,4066,0.5191896557807922
1151,2040,4446,0.5191066861152649
1152,2040,6079,0.5189968943595886
1153,2040,1384,0.518789529800415
1154,2040,2520,0.5187268853187561
1155,2040,2071,0.518707275390625
1156,2040,5621,0.5186900496482849
1157,2040,4369,0.5186195969581604
1158,2040,2301,0.5185372829437256
1159,2040,6213,0.5185216665267944
1160,2040,3262,0.5185175538063049
1161,2040,456,0.5185055136680603
1162,2040,5956,0.5184549689292908
1163,2040,2310,0.5184435248374939
1164,2040,4341,0.5184286236763
1165,2040,858,0.5183275938034058
1166,2040,5049,0.5180964469909668
1167,2040,494,0.5179654955863953
1168,2040,5807,0.5179365873336792
1169,2040,1626,0.5178931355476379
1170,2040,1105,0.517840564250946
1171,2040,146,0.5176129341125488
1172,2040,1939,0.5175681710243225
1173,2040,5658,0.5174260139465332
1174,2040,2057,0.5173517465591431
1175,2040,2020,0.5172533988952637
1176,2040,2435,0.5171312093734741
1177,2040,1786,0.517119288444519
1178,2040,4497,0.5171175599098206
1179,2040,6052,0.5171158909797668
1180,2040,2258,0.5170798301696777
1181,2040,5213,0.5170623660087585
1182,2040,4590,0.5170459151268005
1183,2040,2011,0.5170454978942871
1184,2040,3552,0.5170193314552307
1185,2040,5018,0.5169249773025513
1186,2040,263,0.5167964100837708
1187,2040,4445,0.5167909860610962
1188,2040,2537,0.516724705696106
1189,2040,5544,0.5167175531387329
1190,2040,2983,0.5167141556739807
1191,2040,4174,0.5165917277336121
1192,2040,2374,0.5165009498596191
1193,2040,737,0.5164788365364075
1194,2040,229,0.5164726376533508
1195,2040,1159,0.5164604783058167
1196,2040,5941,0.5164409279823303
1197,2040,2936,0.5164176225662231
1198,2040,706,0.5163559913635254
1199,2040,2970,0.5162719488143921
1200,2040,1044,0.5161821842193604
1201,2040,1983,0.5161418914794922
1202,2040,214,0.5160951018333435
1203,2040,4990,0.5160853266716003
1204,2040,6040,0.5160747170448303
1205,2040,6196,0.5160454511642456
1206,2040,1990,0.5159808993339539
1207,2040,4143,0.5158202648162842
1208,2040,2292,0.5157742500305176
1209,2040,4094,0.5157523155212402
1210,2040,409,0.5157225728034973
1211,2040,1850,0.5156958103179932
1212,2040,6039,0.5156506896018982
1213,2040,969,0.5156494975090027
1214,2040,6081,0.515636682510376
1215,2040,970,0.5156030654907227
1216,2040,503,0.515320360660553
1217,2040,3104,0.5152660608291626
1218,2040,386,0.5151473879814148
1219,2040,3669,0.5151057839393616
1220,2040,3592,0.5150870680809021
1221,2040,2132,0.515045702457428
1222,2040,4027,0.5150212049484253
1223,2040,3109,0.5149828791618347
1224,2040,1162,0.5149316191673279
1225,2040,493,0.5148469805717468
1226,2040,3614,0.5148167610168457
1227,2040,5770,0.5148069858551025
1228,2040,4759,0.514772355556488
1229,2040,1573,0.514767587184906
1230,2040,6369,0.5147637128829956
1231,2040,5300,0.5147615671157837
1232,2040,4878,0.5147194266319275
1233,2040,2113,0.514718770980835
1234,2040,925,0.5146402716636658
1235,2040,4675,0.5145816802978516
1236,2040,6361,0.5145621299743652
1237,2040,1641,0.5145142078399658
1238,2040,1422,0.5145136713981628
1239,2040,5582,0.5145005583763123
1240,2040,3988,0.5144413113594055
1241,2040,3314,0.5144307017326355
1242,2040,4565,0.5144231915473938
1243,2040,2056,0.5144058465957642
1244,2040,4099,0.5144005417823792
1245,2040,4411,0.5143773555755615
1246,2040,6417,0.514360785484314
1247,2040,1959,0.514352560043335
1248,2040,3580,0.5143393874168396
1249,2040,862,0.514322817325592
1250,2040,6161,0.514318585395813
1251,2040,84,0.5142483115196228
1252,2040,6336,0.5142075419425964
1253,2040,1790,0.5141664147377014
1254,2040,4808,0.514126181602478
1255,2040,707,0.5140774846076965
1256,2040,4893,0.5140158534049988
1257,2040,434,0.513892412185669
1258,2040,366,0.5138766169548035
1259,2040,2073,0.5138472318649292
1260,2040,1826,0.513802707195282
1261,2040,4900,0.5137261152267456
1262,2040,2928,0.513719916343689
1263,2040,395,0.513714611530304
1264,2040,1937,0.5136697292327881
1265,2040,5232,0.5136538147926331
1266,2040,680,0.513640284538269
1267,2040,4362,0.513627827167511
1268,2040,6009,0.5136138200759888
1269,2040,166,0.5135224461555481
1270,2040,4135,0.513484001159668
1271,2040,2175,0.5134004354476929
1272,2040,371,0.5133455991744995
1273,2040,5569,0.5133347511291504
1274,2040,1408,0.5133052468299866
1275,2040,2021,0.5132686495780945
1276,2040,2189,0.5132686495780945
1277,2040,4649,0.5131924748420715
1278,2040,5519,0.5131782293319702
1279,2040,6017,0.5131701827049255
1280,2040,1832,0.5131517052650452
1281,2040,1191,0.5130434632301331
1282,2040,1229,0.5130141973495483
1283,2040,5631,0.5129921436309814
1284,2040,2912,0.5129675269126892
1285,2040,2780,0.5129336714744568
1286,2040,5724,0.5129119753837585
1287,2040,2787,0.5129032731056213
1288,2040,1134,0.5127007961273193
1289,2040,2799,0.5126946568489075
1290,2040,6261,0.5126921534538269
1291,2040,2910,0.5126487612724304
1292,2040,6403,0.5126133561134338
1293,2040,4932,0.5125284790992737
1294,2040,6405,0.5124518275260925
1295,2040,4387,0.5124039649963379
1296,2040,2543,0.5123838782310486
1297,2040,1972,0.5123379230499268
1298,2040,1956,0.512330174446106
1299,2040,5962,0.5123292207717896
1300,2040,173,0.512254536151886
1301,2040,560,0.5122485160827637
1302,2040,2679,0.5122174024581909
1303,2040,4757,0.5121703147888184
1304,2040,4695,0.5121549963951111
1305,2040,2302,0.5120210647583008
1306,2040,980,0.512006938457489
1307,2040,4793,0.5119750499725342
1308,2040,1192,0.5119032263755798
1309,2040,3249,0.5118318200111389
1310,2040,1150,0.5118314027786255
1311,2040,384,0.51172935962677
1312,2040,2367,0.511674165725708
1313,2040,4870,0.5116707682609558
1314,2040,4765,0.5116485953330994
1315,2040,5599,0.5116108655929565
1316,2040,6125,0.5116084814071655
1317,2040,1530,0.5115036964416504
1318,2040,4655,0.511417031288147
1319,2040,5129,0.5113790035247803
1320,2040,5306,0.5112722516059875
1321,2040,5545,0.5112659931182861
1322,2040,1770,0.5111982822418213
1323,2040,6127,0.5111892819404602
1324,2040,3535,0.5111750960350037
1325,2040,1238,0.5110694169998169
1326,2040,1213,0.511056125164032
1327,2040,1498,0.5109630227088928
1328,2040,914,0.5108283162117004
1329,2040,4636,0.5107826590538025
1330,2040,714,0.5107549428939819
1331,2040,2285,0.5107250809669495
1332,2040,3355,0.5106766819953918
1333,2040,1960,0.5105182528495789
1334,2040,1342,0.5105113983154297
1335,2040,3458,0.5104991793632507
1336,2040,5719,0.5104767680168152
1337,2040,4928,0.5104504227638245
1338,2040,3424,0.5103561878204346
1339,2040,0,0.5101367235183716
1340,2040,2778,0.5100708603858948
1341,2040,713,0.5100182890892029
1342,2040,293,0.5099539756774902
1343,2040,2669,0.5099471211433411
1344,2040,284,0.5099404454231262
1345,2040,2566,0.5098775625228882
1346,2040,5783,0.509838342666626
1347,2040,5392,0.5098233819007874
1348,2040,5494,0.5097127556800842
1349,2040,5611,0.5097042918205261
1350,2040,5653,0.5096854567527771
1351,2040,5812,0.50965815782547
1352,2040,5549,0.5096160173416138
1353,2040,3362,0.5095797777175903
1354,2040,3695,0.5095293521881104
1355,2040,768,0.5094854235649109
1356,2040,1913,0.5093038082122803
1357,2040,5777,0.5093033313751221
1358,2040,6096,0.5092899799346924
1359,2040,258,0.5092466473579407
1360,2040,442,0.5092324614524841
1361,2040,691,0.509225606918335
1362,2040,3190,0.5092148184776306
1363,2040,89,0.509154736995697
1364,2040,4068,0.5091452598571777
1365,2040,715,0.5089714527130127
1366,2040,6116,0.5088394284248352
1367,2040,1611,0.5088240504264832
1368,2040,5982,0.5088188052177429
1369,2040,6398,0.5087073445320129
1370,2040,3343,0.5086846947669983
1371,2040,2402,0.5086531639099121
1372,2040,3086,0.508581817150116
1373,2040,3958,0.5084696412086487
1374,2040,3089,0.5083611011505127
1375,2040,6006,0.5083020925521851
1376,2040,5641,0.5082876086235046
1377,2040,3077,0.5082736015319824
1378,2040,231,0.5082255601882935
1379,2040,1815,0.5082100629806519
1380,2040,3582,0.5081992149353027
1381,2040,6335,0.5081682205200195
1382,2040,1325,0.5081607699394226
1383,2040,4840,0.5081081390380859
1384,2040,2076,0.5080968737602234
1385,2040,5870,0.5080136060714722
1386,2040,4488,0.507973313331604
1387,2040,6303,0.507966160774231
1388,2040,4022,0.5078952312469482
1389,2040,2395,0.5078573226928711
1390,2040,2339,0.5078485012054443
1391,2040,501,0.5078475475311279
1392,2040,311,0.5078442096710205
1393,2040,4028,0.5078385472297668
1394,2040,3630,0.5077503323554993
1395,2040,2713,0.5077146291732788
1396,2040,5053,0.5076996684074402
1397,2040,4173,0.5076761841773987
1398,2040,1126,0.5076307058334351
1399,2040,5595,0.5075976848602295
1400,2040,4896,0.5075817704200745
1401,2040,2845,0.5075743198394775
1402,2040,4056,0.5075483322143555
1403,2040,2122,0.5075154900550842
1404,2040,3388,0.5075069665908813
1405,2040,3554,0.5074856281280518
1406,2040,5588,0.5074441432952881
1407,2040,3349,0.5074383616447449
1408,2040,1549,0.5073307752609253
1409,2040,6365,0.5072290897369385
1410,2040,3392,0.5072124600410461
1411,2040,2849,0.5072032809257507
1412,2040,1058,0.5071660876274109
1413,2040,4179,0.5071612596511841
1414,2040,2611,0.507103443145752
1415,2040,261,0.5070967674255371
1416,2040,4115,0.5070154666900635
1417,2040,3117,0.5069643259048462
1418,2040,2506,0.5069494843482971
1419,2040,2392,0.5069312453269958
1420,2040,643,0.5069053769111633
1421,2040,1623,0.5068119168281555
1422,2040,4103,0.5067875981330872
1423,2040,2637,0.5067479014396667
1424,2040,6421,0.5066533088684082
1425,2040,4138,0.5065674781799316
1426,2040,4817,0.5065150856971741
1427,2040,2272,0.5065041184425354
1428,2040,3058,0.5063452124595642
1429,2040,3303,0.506298840045929
1430,2040,16,0.506259560585022
1431,2040,294,0.5062263607978821
1432,2040,1152,0.5062165856361389
1433,2040,2321,0.5061843991279602
1434,2040,5527,0.5061572790145874
1435,2040,31,0.5060913562774658
1436,2040,576,0.5060241222381592
1437,2040,3452,0.5059958696365356
1438,2040,4718,0.5057205557823181
1439,2040,5178,0.5055223107337952
1440,2040,1016,0.5053884983062744
1441,2040,4229,0.5053439736366272
1442,2040,1241,0.5052905678749084
1443,2040,1239,0.5052905678749084
1444,2040,5816,0.5052419304847717
1445,2040,321,0.5050749182701111
1446,2040,2998,0.5049781799316406
1447,2040,5425,0.504954993724823
1448,2040,274,0.5049048662185669
1449,2040,5836,0.5049038529396057
1450,2040,160,0.5048801898956299
1451,2040,6313,0.5047529339790344
1452,2040,4711,0.5047245025634766
1453,2040,749,0.5046790242195129
1454,2040,2569,0.5046415328979492
1455,2040,4682,0.5046122670173645
1456,2040,2848,0.504563570022583
1457,2040,1397,0.5045515298843384
1458,2040,4070,0.5045172572135925
1459,2040,3351,0.5042976140975952
1460,2040,5980,0.5042930245399475
1461,2040,5528,0.504271924495697
1462,2040,2018,0.5042328238487244
1463,2040,2695,0.5042101740837097
1464,2040,2444,0.5042069554328918
1465,2040,2919,0.5041331648826599
1466,2040,145,0.5040835738182068
1467,2040,6212,0.504041850566864
1468,2040,6059,0.5039343237876892
1469,2040,4151,0.5038607716560364
1470,2040,5378,0.5038579702377319
1471,2040,4078,0.5038535594940186
1472,2040,3893,0.5038521885871887
1473,2040,6323,0.5038281083106995
1474,2040,6375,0.5038279294967651
1475,2040,4830,0.503822386264801
1476,2040,3865,0.50380539894104
1477,2040,1214,0.5037893056869507
1478,2040,1886,0.5037543773651123
1479,2040,201,0.5036278963088989
1480,2040,1439,0.5035752654075623
1481,2040,1355,0.5035682916641235
1482,2040,2144,0.5035309195518494
1483,2040,3966,0.5034822225570679
1484,2040,4831,0.5034689903259277
1485,2040,5543,0.5034375190734863
1486,2040,6060,0.5032198429107666
1487,2040,4477,0.503185510635376
1488,2040,5445,0.5031298995018005
1489,2040,3989,0.5030860900878906
1490,2040,30,0.5030583143234253
1491,2040,4747,0.5030107498168945
1492,2040,105,0.5029758214950562
1493,2040,4166,0.5029667019844055
1494,2040,2562,0.5029163956642151
1495,2040,2358,0.5028994083404541
1496,2040,2179,0.5028906464576721
1497,2040,1146,0.5028602480888367
1498,2040,3827,0.5028302073478699
1499,2040,922,0.5027016997337341
1500,2040,443,0.5026922821998596
1501,2040,4741,0.5026538372039795
1502,2040,5550,0.5025837421417236
1503,2040,4528,0.5025705099105835
1504,2040,4581,0.5023921728134155
1505,2040,5188,0.502353847026825
1506,2040,2010,0.5022706985473633
1507,2040,6273,0.5022363066673279
1508,2040,1340,0.5021830797195435
1509,2040,3315,0.5020437240600586
1510,2040,466,0.5020336508750916
1511,2040,4172,0.5019552111625671
1512,2040,2640,0.5019422769546509
1513,2040,6354,0.5019347071647644
1514,2040,4978,0.5018927454948425
1515,2040,6056,0.5018905401229858
1516,2040,4956,0.5018808841705322
1517,2040,453,0.5017874836921692
1518,2040,4117,0.5017749667167664
1519,2040,3920,0.5017178654670715
1520,2040,5045,0.5016513466835022
1521,2040,5666,0.5015665292739868
1522,2040,5889,0.5014542937278748
1523,2040,3492,0.5013626217842102
1524,2040,4860,0.5013428330421448
1525,2040,4435,0.5012901425361633
1526,2040,6248,0.5012730360031128
1527,2040,4305,0.5012056827545166
1528,2040,1767,0.5012050867080688
1529,2040,3193,0.501153826713562
1530,2040,2259,0.5011442303657532
1531,2040,4158,0.501038134098053
1532,2040,2859,0.5010161995887756
1533,2040,1318,0.5009544491767883
1534,2040,3505,0.50091552734375
1535,2040,195,0.5009036660194397
1536,2040,3597,0.5008771419525146
1537,2040,3446,0.5008565187454224
1538,2040,23,0.5007816553115845
1539,2040,5715,0.500766396522522
1540,2040,3979,0.5007660388946533
1541,2040,5236,0.5006729960441589
1542,2040,3464,0.5006625652313232
1543,2040,1933,0.5006273984909058
1544,2040,699,0.5005857348442078
1545,2040,2548,0.5005645155906677
1546,2040,254,0.5005361437797546
1547,2040,565,0.5005278587341309
1548,2040,5085,0.5002967119216919
1549,2040,5469,0.5002915263175964
1550,2040,5295,0.5001896619796753
1551,2040,6179,0.5001342296600342
1552,2040,5929,0.5000925064086914
1553,2040,3985,0.5000667572021484
1554,2040,208,0.500024676322937
1555,2040,3525,0.4999546706676483
1556,2040,3374,0.4999023973941803
1557,2040,1567,0.499889075756073
1558,2040,653,0.4998680651187897
1559,2040,5101,0.49964839220046997
1560,2040,1449,0.49963489174842834
1561,2040,4880,0.49958136677742004
1562,2040,1112,0.49956902861595154
1563,2040,3055,0.49956467747688293
1564,2040,4630,0.4995233416557312
1565,2040,2199,0.4995042681694031
1566,2040,2286,0.4994659423828125
1567,2040,2410,0.49945223331451416
1568,2040,2312,0.49945223331451416
1569,2040,3471,0.49935033917427063
1570,2040,6226,0.499324768781662
1571,2040,1995,0.49931100010871887
1572,2040,2340,0.49926191568374634
1573,2040,4645,0.4992540776729584
1574,2040,1514,0.4992438554763794
1575,2040,739,0.4992417097091675
1576,2040,4553,0.4992300570011139
1577,2040,3470,0.4991438686847687
1578,2040,1413,0.4991145133972168
1579,2040,2216,0.49907490611076355
1580,2040,5124,0.49905160069465637
1581,2040,1851,0.49894940853118896
1582,2040,2709,0.49893060326576233
1583,2040,5703,0.4989209473133087
1584,2040,3851,0.49885034561157227
1585,2040,6000,0.4988190233707428
1586,2040,4349,0.4986218810081482
1587,2040,4191,0.4985928535461426
1588,2040,1169,0.49856552481651306
1589,2040,2478,0.4985612630844116
1590,2040,5497,0.4985524117946625
1591,2040,4832,0.498538076877594
1592,2040,1482,0.49844807386398315
1593,2040,5022,0.49840056896209717
1594,2040,4672,0.4983837306499481
1595,2040,3857,0.49834129214286804
1596,2040,3475,0.49832218885421753
1597,2040,1121,0.49832016229629517
1598,2040,839,0.49828970432281494
1599,2040,5209,0.4981984794139862
1600,2040,849,0.49811863899230957
1601,2040,1289,0.4980248510837555
1602,2040,3179,0.4980177879333496
1603,2040,2504,0.49792391061782837
1604,2040,4381,0.4978933036327362
1605,2040,287,0.49786055088043213
1606,2040,1341,0.4978282153606415
1607,2040,1546,0.49781039357185364
1608,2040,3585,0.4978025257587433
1609,2040,210,0.49770864844322205
1610,2040,2707,0.49770206212997437
1611,2040,1083,0.49766451120376587
1612,2040,6054,0.4976162910461426
1613,2040,1885,0.4975612461566925
1614,2040,2676,0.49750882387161255
1615,2040,528,0.4974662661552429
1616,2040,189,0.4974261522293091
1617,2040,212,0.49733591079711914
1618,2040,1344,0.49726808071136475
1619,2040,4691,0.49725157022476196
1620,2040,3792,0.4971843957901001
1621,2040,2447,0.4971185326576233
1622,2040,724,0.4971129298210144
1623,2040,5301,0.49708056449890137
1624,2040,5393,0.49704134464263916
1625,2040,2322,0.4970014691352844
1626,2040,6385,0.4969622790813446
1627,2040,4082,0.49693626165390015
1628,2040,3155,0.49693483114242554
1629,2040,4346,0.496902734041214
1630,2040,4391,0.4968602657318115
1631,2040,2561,0.49684956669807434
1632,2040,2964,0.49677640199661255
1633,2040,2476,0.49676811695098877
1634,2040,4966,0.49675655364990234
1635,2040,5673,0.49672242999076843
1636,2040,5976,0.49667003750801086
1637,2040,4123,0.4966593384742737
1638,2040,1316,0.4966481029987335
1639,2040,2614,0.4966277480125427
1640,2040,3511,0.496512770652771
1641,2040,6092,0.49649181962013245
1642,2040,5330,0.49647414684295654
1643,2040,954,0.4964514970779419
1644,2040,98,0.49644938111305237
1645,2040,4987,0.4964337646961212
1646,2040,2801,0.4963879883289337
1647,2040,1894,0.4963429570198059
1648,2040,4494,0.4963339865207672
1649,2040,1317,0.4962887167930603
1650,2040,1354,0.49626627564430237
1651,2040,2485,0.49625131487846375
1652,2040,3239,0.4962346851825714
1653,2040,3764,0.49620240926742554
1654,2040,3231,0.49610593914985657
1655,2040,3676,0.4959701895713806
1656,2040,4924,0.49593910574913025
1657,2040,1081,0.4959016442298889
1658,2040,3062,0.49590128660202026
1659,2040,375,0.49589043855667114
1660,2040,2915,0.4958867132663727
1661,2040,5404,0.49587881565093994
1662,2040,1250,0.4958110451698303
1663,2040,4898,0.4957582354545593
1664,2040,677,0.495712012052536
1665,2040,2186,0.49568042159080505
1666,2040,3629,0.49555665254592896
1667,2040,599,0.49553757905960083
1668,2040,1132,0.49553558230400085
1669,2040,469,0.49553346633911133
1670,2040,1005,0.49549365043640137
1671,2040,2153,0.4954829812049866
1672,2040,5687,0.495423287153244
1673,2040,6168,0.49537211656570435
1674,2040,117,0.495326966047287
1675,2040,1550,0.49513086676597595
1676,2040,3455,0.4950666129589081
1677,2040,4504,0.49506279826164246
1678,2040,5608,0.4950213134288788
1679,2040,2652,0.49495139718055725
1680,2040,2190,0.4948931634426117
1681,2040,4482,0.494841068983078
1682,2040,489,0.4948340654373169
1683,2040,3838,0.4947854280471802
1684,2040,245,0.4947318732738495
1685,2040,2403,0.494699627161026
1686,2040,886,0.4946901202201843
1687,2040,5064,0.49465200304985046
1688,2040,2496,0.4946385324001312
1689,2040,6175,0.49459514021873474
1690,2040,4545,0.4945904016494751
1691,2040,4945,0.4945530891418457
1692,2040,4365,0.4945215880870819
1693,2040,2338,0.4945073127746582
1694,2040,3606,0.49450457096099854
1695,2040,4822,0.4944429397583008
1696,2040,5086,0.4944118857383728
1697,2040,2141,0.49440422654151917
1698,2040,1825,0.494381844997406
1699,2040,4072,0.4943387508392334
1700,2040,2037,0.49433451890945435
1701,2040,6326,0.49428126215934753
1702,2040,3323,0.49415770173072815
1703,2040,4875,0.4941048324108124
1704,2040,4699,0.49402573704719543
1705,2040,3633,0.49400272965431213
1706,2040,3236,0.49396681785583496
1707,2040,961,0.49396196007728577
1708,2040,2494,0.4939337968826294
1709,2040,400,0.4938778877258301
1710,2040,3095,0.49383544921875
1711,2040,5419,0.4938181936740875
1712,2040,5242,0.493818074464798
1713,2040,4396,0.4937928020954132
1714,2040,815,0.4937662184238434
1715,2040,1902,0.49367398023605347
1716,2040,4527,0.49364161491394043
1717,2040,5200,0.49359816312789917
1718,2040,6072,0.49355271458625793
1719,2040,1167,0.4935077130794525
1720,2040,3705,0.49343141913414
1721,2040,3449,0.4934160113334656
1722,2040,4797,0.49341294169425964
1723,2040,376,0.49335867166519165
1724,2040,1625,0.49332043528556824
1725,2040,74,0.4932752847671509
1726,2040,3219,0.49324923753738403
1727,2040,1027,0.4932418763637543
1728,2040,4887,0.49319911003112793
1729,2040,6387,0.49316829442977905
1730,2040,3531,0.4930403232574463
1731,2040,829,0.4930160641670227
1732,2040,915,0.49299535155296326
1733,2040,5041,0.4929908514022827
1734,2040,5713,0.49298596382141113
1735,2040,2745,0.4929265081882477
1736,2040,2126,0.49291864037513733
1737,2040,2387,0.49290236830711365
1738,2040,861,0.49283573031425476
1739,2040,6026,0.4927985370159149
1740,2040,4596,0.4926641285419464
1741,2040,1829,0.4926145672798157
1742,2040,3216,0.4926062226295471
1743,2040,1494,0.4926013946533203
1744,2040,4015,0.4925370216369629
1745,2040,2731,0.4924924671649933
1746,2040,4190,0.49233749508857727
1747,2040,4680,0.4923294186592102
1748,2040,3261,0.49231839179992676
1749,2040,6343,0.49225959181785583
1750,2040,6011,0.4922231137752533
1751,2040,230,0.4922119379043579
1752,2040,5717,0.4922105073928833
1753,2040,1640,0.49215957522392273
1754,2040,4155,0.49210935831069946
1755,2040,6110,0.4920824468135834
1756,2040,1324,0.4918840527534485
1757,2040,1910,0.49185213446617126
1758,2040,2380,0.4918365478515625
1759,2040,2384,0.49170783162117004
1760,2040,108,0.49165263772010803
1761,2040,5706,0.49163079261779785
1762,2040,3075,0.4915631115436554
1763,2040,5867,0.4915507137775421
1764,2040,782,0.4915475845336914
1765,2040,3727,0.4915415346622467
1766,2040,974,0.49152305722236633
1767,2040,4694,0.491504430770874
1768,2040,153,0.491456001996994
1769,2040,6268,0.49143528938293457
1770,2040,3528,0.49143463373184204
1771,2040,3071,0.49143433570861816
1772,2040,1916,0.49139294028282166
1773,2040,6284,0.49137479066848755
1774,2040,6193,0.4913630187511444
1775,2040,2658,0.49131208658218384
1776,2040,2967,0.4913022220134735
1777,2040,4647,0.49129518866539
1778,2040,778,0.4912499487400055
1779,2040,2434,0.49120938777923584
1780,2040,1507,0.4911743402481079
1781,2040,5534,0.4910699129104614
1782,2040,4968,0.49099743366241455
1783,2040,7,0.4909859597682953
1784,2040,933,0.4909091591835022
1785,2040,1803,0.4908570647239685
1786,2040,1499,0.4907442033290863
1787,2040,5344,0.49061742424964905
1788,2040,5150,0.49060705304145813
1789,2040,1863,0.4905896782875061
1790,2040,2519,0.49057966470718384
1791,2040,5235,0.4905688166618347
1792,2040,6038,0.4905635714530945
1793,2040,3641,0.4905257523059845
1794,2040,407,0.4904448986053467
1795,2040,4316,0.4903065264225006
1796,2040,1497,0.4901912212371826
1797,2040,2944,0.49018222093582153
1798,2040,4915,0.49016666412353516
1799,2040,2700,0.49014121294021606
1800,2040,151,0.49012643098831177
1801,2040,5355,0.49010953307151794
1802,2040,4773,0.48998650908470154
1803,2040,2253,0.48996204137802124
1804,2040,4562,0.48993614315986633
1805,2040,4419,0.48987263441085815
1806,2040,5099,0.48978152871131897
1807,2040,4074,0.48965319991111755
1808,2040,571,0.4896438419818878
1809,2040,5963,0.4895877242088318
1810,2040,2438,0.48954349756240845
1811,2040,6063,0.4895300269126892
1812,2040,5684,0.4894871413707733
1813,2040,1066,0.4894019067287445
1814,2040,6170,0.48932793736457825
1815,2040,6188,0.4893038868904114
1816,2040,3175,0.4892997443675995
1817,2040,2891,0.4892854392528534
1818,2040,5107,0.48926544189453125
1819,2040,1231,0.4892627000808716
1820,2040,1193,0.4892627000808716
1821,2040,5705,0.4891388416290283
1822,2040,6108,0.4891316890716553
1823,2040,6141,0.4890842139720917
1824,2040,2546,0.48907390236854553
1825,2040,756,0.48906704783439636
1826,2040,4500,0.4889810085296631
1827,2040,4193,0.4889771342277527
1828,2040,5921,0.48891711235046387
1829,2040,542,0.48889923095703125
1830,2040,2661,0.48889589309692383
1831,2040,853,0.48889175057411194
1832,2040,2516,0.48889055848121643
1833,2040,3143,0.4887123703956604
1834,2040,1327,0.4886162281036377
1835,2040,4914,0.4885793626308441
1836,2040,559,0.4884950518608093
1837,2040,2019,0.4883946478366852
1838,2040,651,0.48834100365638733
1839,2040,301,0.48831820487976074
1840,2040,3752,0.4882940948009491
1841,2040,4950,0.4882746934890747
1842,2040,907,0.48824915289878845
1843,2040,636,0.4881702959537506
1844,2040,406,0.4881604313850403
1845,2040,6307,0.48815086483955383
1846,2040,1526,0.4881247878074646
1847,2040,363,0.4879862368106842
1848,2040,4001,0.48793354630470276
1849,2040,3667,0.4878539443016052
1850,2040,2783,0.4878144860267639
1851,2040,4159,0.487794429063797
1852,2040,2750,0.4877732992172241
1853,2040,866,0.48775380849838257
1854,2040,2954,0.48768216371536255
1855,2040,6103,0.48755186796188354
1856,2040,148,0.4875510632991791
1857,2040,64,0.48750022053718567
1858,2040,1773,0.48747801780700684
1859,2040,1948,0.48745083808898926
1860,2040,498,0.48742103576660156
1861,2040,5571,0.4873906970024109
1862,2040,2039,0.48735862970352173
1863,2040,745,0.48735538125038147
1864,2040,4856,0.4873547852039337
1865,2040,1061,0.48734208941459656
1866,2040,1628,0.4873141348361969
1867,2040,1377,0.48728862404823303
1868,2040,812,0.48716291785240173
1869,2040,1763,0.4871112108230591
1870,2040,3461,0.48707497119903564
1871,2040,348,0.48701217770576477
1872,2040,6390,0.48693767189979553
1873,2040,1795,0.4869132339954376
1874,2040,6191,0.48689955472946167
1875,2040,4646,0.48685699701309204
1876,2040,1670,0.48679429292678833
1877,2040,4555,0.48669758439064026
1878,2040,2372,0.48666390776634216
1879,2040,3789,0.48665639758110046
1880,2040,2277,0.48662638664245605
1881,2040,2370,0.48659101128578186
1882,2040,1940,0.48656949400901794
1883,2040,3291,0.4865044355392456
1884,2040,3162,0.4864427149295807
1885,2040,184,0.4864121973514557
1886,2040,525,0.4863952100276947
1887,2040,4361,0.48637154698371887
1888,2040,2901,0.4863576591014862
1889,2040,2101,0.4863574802875519
1890,2040,2835,0.4863477349281311
1891,2040,6025,0.48634037375450134
1892,2040,1363,0.48632511496543884
1893,2040,281,0.4863228499889374
1894,2040,167,0.48627030849456787
1895,2040,2344,0.4861849546432495
1896,2040,1011,0.48610541224479675
1897,2040,4839,0.4860844612121582
1898,2040,6389,0.4860708713531494
1899,2040,5162,0.48603859543800354
1900,2040,662,0.4860384166240692
1901,2040,3963,0.48600056767463684
1902,2040,2838,0.48599913716316223
1903,2040,2705,0.4859693646430969
1904,2040,4716,0.4859291613101959
1905,2040,2064,0.48591992259025574
1906,2040,5007,0.4859170913696289
1907,2040,1412,0.48590007424354553
1908,2040,2829,0.48587140440940857
1909,2040,1450,0.4858672022819519
1910,2040,5199,0.48586368560791016
1911,2040,4732,0.48578935861587524
1912,2040,4020,0.485761433839798
1913,2040,329,0.48573413491249084
1914,2040,5624,0.48569703102111816
1915,2040,3761,0.48569563031196594
1916,2040,4069,0.4856943190097809
1917,2040,1506,0.4856165647506714
1918,2040,2884,0.48560795187950134
1919,2040,3753,0.4855560064315796
1920,2040,4483,0.48548606038093567
1921,2040,5098,0.485439270734787
1922,2040,1986,0.48538392782211304
1923,2040,2133,0.4853687286376953
1924,2040,3743,0.4853343963623047
1925,2040,5576,0.48533135652542114
1926,2040,3108,0.4852938652038574
1927,2040,2341,0.4852916896343231
1928,2040,4107,0.4852477014064789
1929,2040,5171,0.4852159023284912
1930,2040,2724,0.4851425588130951
1931,2040,1947,0.48513492941856384
1932,2040,244,0.48512202501296997
1933,2040,1941,0.4850507974624634
1934,2040,17,0.4850333034992218
1935,2040,601,0.48501142859458923
1936,2040,4546,0.48499614000320435
1937,2040,5808,0.48497137427330017
1938,2040,3921,0.48496949672698975
1939,2040,945,0.48496752977371216
1940,2040,4142,0.48489251732826233
1941,2040,2556,0.4848794937133789
1942,2040,1472,0.48478180170059204
1943,2040,3244,0.48472917079925537
1944,2040,1970,0.48463475704193115
1945,2040,1566,0.48462387919425964
1946,2040,4935,0.48453593254089355
1947,2040,619,0.48453155159950256
1948,2040,4669,0.4844996929168701
1949,2040,1909,0.48449838161468506
1950,2040,377,0.48449355363845825
1951,2040,5834,0.4844498932361603
1952,2040,5290,0.48439809679985046
1953,2040,4811,0.48436763882637024
1954,2040,582,0.48428547382354736
1955,2040,2369,0.4841974079608917
1956,2040,1824,0.48415082693099976
1957,2040,1648,0.48414844274520874
1958,2040,4430,0.4841025471687317
1959,2040,5422,0.4840375781059265
1960,2040,5939,0.48402222990989685
1961,2040,622,0.48390695452690125
1962,2040,4250,0.4838738441467285
1963,2040,4619,0.483818382024765
1964,2040,1562,0.48378971219062805
1965,2040,5512,0.48375511169433594
1966,2040,4147,0.483732670545578
1967,2040,1181,0.48369812965393066
1968,2040,2106,0.4836335778236389
1969,2040,3982,0.4835493564605713
1970,2040,4437,0.48354285955429077
1971,2040,2728,0.4835420846939087
1972,2040,1649,0.4834475517272949
1973,2040,4775,0.4833885431289673
1974,2040,2044,0.48328346014022827
1975,2040,3559,0.4832383990287781
1976,2040,4220,0.48313793540000916
1977,2040,2657,0.48295798897743225
1978,2040,2573,0.4828634560108185
1979,2040,87,0.4828392267227173
1980,2040,4861,0.4828191101551056
1981,2040,4719,0.4828040599822998
1982,2040,811,0.48276084661483765
1983,2040,1203,0.48270121216773987
1984,2040,2,0.48268240690231323
1985,2040,4119,0.48266056180000305
1986,2040,2256,0.48265406489372253
1987,2040,3515,0.48259735107421875
1988,2040,1828,0.48253804445266724
1989,2040,3083,0.4825270473957062
1990,2040,2378,0.48240622878074646
1991,2040,3509,0.4823898673057556
1992,2040,2356,0.4822697639465332
1993,2040,4911,0.4822311997413635
1994,2040,2890,0.48222896456718445
1995,2040,1008,0.48215797543525696
1996,2040,881,0.4821285009384155
1997,2040,633,0.4820746183395386
1998,2040,187,0.4820351302623749
1999,2040,2616,0.48198771476745605
2000,2040,2357,0.481962651014328
2001,2040,2154,0.4818710386753082
2002,2040,1082,0.48184362053871155
2003,2040,303,0.48183026909828186
2004,2040,6305,0.4818090796470642
2005,2040,3497,0.4817957878112793
2006,2040,174,0.4817860722541809
2007,2040,1403,0.4816628098487854
2008,2040,3915,0.48156261444091797
2009,2040,3976,0.48155874013900757
2010,2040,1612,0.4815303385257721
2011,2040,5424,0.4814707040786743
2012,2040,4943,0.4814366102218628
2013,2040,5245,0.48143208026885986
2014,2040,67,0.48137781023979187
2015,2040,4688,0.4813355505466461
2016,2040,5758,0.48124027252197266
2017,2040,4188,0.481220543384552
2018,2040,826,0.48119452595710754
2019,2040,4364,0.4811616837978363
2020,2040,2542,0.48113906383514404
2021,2040,1997,0.48111969232559204
2022,2040,4427,0.48111292719841003
2023,2040,5850,0.48109227418899536
2024,2040,3144,0.48105889558792114
2025,2040,3003,0.4809185862541199
2026,2040,276,0.4806351661682129
2027,2040,1830,0.48044130206108093
2028,2040,5144,0.48043292760849
2029,2040,4310,0.4802686274051666
2030,2040,5753,0.4802684485912323
2031,2040,5342,0.48026242852211
2032,2040,2063,0.48026055097579956
2033,2040,5603,0.4801383912563324
2034,2040,5026,0.48013603687286377
2035,2040,4946,0.48011091351509094
2036,2040,4525,0.4801022410392761
2037,2040,2031,0.48007330298423767
2038,2040,4780,0.4800678789615631
2039,2040,4385,0.4800586700439453
2040,2040,4449,0.4800492227077484
2041,2040,296,0.48004356026649475
2042,2040,1861,0.48003387451171875
2043,2040,566,0.48000848293304443
2044,2040,6331,0.4799734950065613
2045,2040,6065,0.4799613356590271
2046,2040,2294,0.4799313545227051
2047,2040,6068,0.47992241382598877
2048,2040,3526,0.47990572452545166
2049,2040,1339,0.47984570264816284
2050,2040,5127,0.4798371493816376
2051,2040,5173,0.4798167943954468
2052,2040,359,0.47978460788726807
2053,2040,4278,0.4797096252441406
2054,2040,1502,0.479511559009552
2055,2040,3551,0.47948503494262695
2056,2040,1335,0.4793870747089386
2057,2040,3791,0.4793784022331238
2058,2040,4264,0.47933435440063477
2059,2040,1492,0.4792918860912323
2060,2040,2171,0.4792289733886719
2061,2040,3826,0.47922760248184204
2062,2040,4845,0.4792170822620392
2063,2040,3863,0.4792035222053528
2064,2040,6045,0.47918379306793213
2065,2040,3368,0.4791692793369293
2066,2040,2692,0.47916626930236816
2067,2040,2208,0.47910845279693604
2068,2040,3241,0.4791025221347809
2069,2040,149,0.4790459871292114
2070,2040,4424,0.4790228605270386
2071,2040,3096,0.47889700531959534
2072,2040,4390,0.47887367010116577
2073,2040,275,0.4788458049297333
2074,2040,5172,0.4787548780441284
2075,2040,5341,0.4785812199115753
2076,2040,5204,0.4785647988319397
2077,2040,5174,0.4784975051879883
2078,2040,2630,0.47848930954933167
2079,2040,70,0.4784647822380066
2080,2040,352,0.4783326983451843
2081,2040,5635,0.4782847762107849
2082,2040,6066,0.47827666997909546
2083,2040,1175,0.47826385498046875
2084,2040,1232,0.478200227022171
2085,2040,4473,0.4781281650066376
2086,2040,3578,0.47806885838508606
2087,2040,1219,0.4780469238758087
2088,2040,5616,0.4780448079109192
2089,2040,808,0.4779227674007416
2090,2040,520,0.4778880774974823
2091,2040,3032,0.47786298394203186
2092,2040,5177,0.47785210609436035
2093,2040,733,0.477762907743454
2094,2040,1119,0.47775617241859436
2095,2040,2257,0.4777282178401947
2096,2040,3111,0.47772732377052307
2097,2040,5873,0.477708637714386
2098,2040,5894,0.47769373655319214
2099,2040,3603,0.47767841815948486
2100,2040,880,0.47758668661117554
2101,2040,4991,0.4775375723838806
2102,2040,1935,0.47743555903434753
2103,2040,3808,0.4773581624031067
2104,2040,4905,0.4773564636707306
2105,2040,272,0.47732943296432495
2106,2040,1388,0.4772837460041046
2107,2040,3696,0.4772612750530243
2108,2040,4213,0.4772605299949646
2109,2040,4266,0.47724050283432007
2110,2040,5100,0.4771328270435333
2111,2040,598,0.47712525725364685
2112,2040,4543,0.47712287306785583
2113,2040,3486,0.47712111473083496
2114,2040,3267,0.4771167039871216
2115,2040,2219,0.4771149456501007
2116,2040,1843,0.47709259390830994
2117,2040,5288,0.4770776033401489
2118,2040,3037,0.47702890634536743
2119,2040,2530,0.4769822657108307
2120,2040,1230,0.4769701063632965
2121,2040,5998,0.47696202993392944
2122,2040,4909,0.4769345819950104
2123,2040,131,0.4768576920032501
2124,2040,2108,0.47678616642951965
2125,2040,867,0.47677773237228394
2126,2040,1204,0.4767210781574249
2127,2040,3858,0.47667238116264343
2128,2040,1993,0.47663402557373047
2129,2040,729,0.47662875056266785
2130,2040,1873,0.47648388147354126
2131,2040,101,0.47644269466400146
2132,2040,347,0.47640782594680786
2133,2040,4425,0.47639724612236023
2134,2040,5518,0.47638097405433655
2135,2040,2147,0.4763791561126709
2136,2040,1035,0.4763767123222351
2137,2040,2854,0.47632336616516113
2138,2040,5739,0.4762926995754242
2139,2040,896,0.47622087597846985
2140,2040,328,0.47617703676223755
2141,2040,689,0.4761766791343689
2142,2040,5802,0.47611239552497864
2143,2040,2197,0.476069837808609
2144,2040,4671,0.4760688245296478
2145,2040,6210,0.47601422667503357
2146,2040,4090,0.4759427607059479
2147,2040,605,0.4759189784526825
2148,2040,2036,0.47589945793151855
2149,2040,299,0.4758836030960083
2150,2040,4154,0.4758385419845581
2151,2040,6208,0.4757828414440155
2152,2040,2483,0.47576913237571716
2153,2040,1114,0.47575241327285767
2154,2040,291,0.4757194221019745
2155,2040,3278,0.47570717334747314
2156,2040,2834,0.47569385170936584
2157,2040,5277,0.4756465554237366
2158,2040,1053,0.47564297914505005
2159,2040,2487,0.4756177067756653
2160,2040,3927,0.4755983352661133
2161,2040,5974,0.47558265924453735
2162,2040,5000,0.4755653142929077
2163,2040,2694,0.47553494572639465
2164,2040,6356,0.4754788279533386
2165,2040,5726,0.4753950536251068
2166,2040,4452,0.4753905236721039
2167,2040,5529,0.47535738348960876
2168,2040,3170,0.47532057762145996
2169,2040,5788,0.4752449095249176
2170,2040,1595,0.475189208984375
2171,2040,1252,0.4751054048538208
2172,2040,718,0.47508740425109863
2173,2040,5400,0.47500142455101013
2174,2040,1331,0.4749690890312195
2175,2040,5431,0.47492465376853943
2176,2040,3670,0.47484761476516724
2177,2040,4203,0.47474461793899536
2178,2040,5257,0.47474199533462524
2179,2040,2433,0.4747091829776764
2180,2040,6269,0.4746445119380951
2181,2040,3496,0.4746182858943939
2182,2040,1023,0.47460949420928955
2183,2040,2580,0.4746083915233612
2184,2040,1362,0.4745919704437256
2185,2040,3502,0.4745875895023346
2186,2040,5593,0.47453662753105164
2187,2040,2281,0.474534273147583
2188,2040,2150,0.47453245520591736
2189,2040,1876,0.47453245520591736
2190,2040,3990,0.4744974374771118
2191,2040,273,0.4744401276111603
2192,2040,6339,0.4743463099002838
2193,2040,2618,0.47428029775619507
2194,2040,6132,0.4742504358291626
2195,2040,4542,0.4741935133934021
2196,2040,5233,0.47417232394218445
2197,2040,1236,0.4741060137748718
2198,2040,5435,0.47408929467201233
2199,2040,796,0.4740794599056244
2200,2040,2643,0.4740495979785919
2201,2040,6275,0.47397714853286743
2202,2040,4490,0.47391611337661743
2203,2040,2603,0.47388577461242676
2204,2040,4564,0.4738755524158478
2205,2040,4879,0.4737573266029358
2206,2040,2501,0.47362691164016724
2207,2040,1447,0.47359609603881836
2208,2040,5477,0.47345057129859924
2209,2040,6126,0.473362535238266
2210,2040,2436,0.4732791781425476
2211,2040,4184,0.47317615151405334
2212,2040,4457,0.47313088178634644
2213,2040,2690,0.47310465574264526
2214,2040,106,0.4730323851108551
2215,2040,5371,0.4729107618331909
2216,2040,4785,0.4728662669658661
2217,2040,246,0.4728597104549408
2218,2040,2626,0.4728534519672394
2219,2040,5412,0.4728456735610962
2220,2040,2017,0.4728333353996277
2221,2040,4829,0.4727764427661896
2222,2040,4060,0.47274237871170044
2223,2040,1283,0.4726443886756897
2224,2040,3088,0.4726186990737915
2225,2040,652,0.4724971055984497
2226,2040,1295,0.47242167592048645
2227,2040,5507,0.4724158048629761
2228,2040,4653,0.4723775088787079
2229,2040,5103,0.47236695885658264
2230,2040,4073,0.47231465578079224
2231,2040,1484,0.47218653559684753
2232,2040,1367,0.47216853499412537
2233,2040,345,0.4720138609409332
2234,2040,14,0.4720138609409332
2235,2040,2409,0.47188836336135864
2236,2040,3212,0.4718206524848938
2237,2040,1470,0.47181007266044617
2238,2040,3662,0.47178900241851807
2239,2040,1594,0.47175073623657227
2240,2040,4327,0.4717292785644531
2241,2040,3363,0.47171759605407715
2242,2040,6177,0.47171226143836975
2243,2040,2711,0.471698522567749
2244,2040,3690,0.47167906165122986
2245,2040,4137,0.47164982557296753
2246,2040,3798,0.47152572870254517
2247,2040,4701,0.4715128540992737
2248,2040,1237,0.47144633531570435
2249,2040,1190,0.47144633531570435
2250,2040,5649,0.47142091393470764
2251,2040,3473,0.47140347957611084
2252,2040,3171,0.47138577699661255
2253,2040,2472,0.47136980295181274
2254,2040,5198,0.4713278114795685
2255,2040,262,0.4713164269924164
2256,2040,5523,0.471297949552536
2257,2040,3507,0.4712759256362915
2258,2040,1925,0.47115904092788696
2259,2040,728,0.4710734784603119
2260,2040,4373,0.4710579812526703
2261,2040,1125,0.4710272550582886
2262,2040,1485,0.4710254371166229
2263,2040,5322,0.4709985852241516
2264,2040,4949,0.4709623456001282
2265,2040,219,0.470936119556427
2266,2040,3133,0.47080886363983154
2267,2040,3302,0.47080814838409424
2268,2040,3601,0.47080254554748535
2269,2040,788,0.4707101881504059
2270,2040,5269,0.47067317366600037
2271,2040,1036,0.4706473648548126
2272,2040,5117,0.47063225507736206
2273,2040,4607,0.4705929160118103
2274,2040,5491,0.4705398678779602
2275,2040,5141,0.47053882479667664
2276,2040,3758,0.47046563029289246
2277,2040,4561,0.470451295375824
2278,2040,2608,0.4704195261001587
2279,2040,806,0.47040125727653503
2280,2040,4654,0.4702084958553314
2281,2040,2225,0.4702075123786926
2282,2040,771,0.47010597586631775
2283,2040,6153,0.47010353207588196
2284,2040,3334,0.47004061937332153
2285,2040,2146,0.4700024724006653
2286,2040,3250,0.46995413303375244
2287,2040,1645,0.4699447751045227
2288,2040,5130,0.4699101150035858
2289,2040,860,0.46991005539894104
2290,2040,4130,0.46984338760375977
2291,2040,1643,0.46975284814834595
2292,2040,2335,0.469719797372818
2293,2040,531,0.46963679790496826
2294,2040,1666,0.4695850908756256
2295,2040,1875,0.4695833921432495
2296,2040,6378,0.4695618450641632
2297,2040,1356,0.46955782175064087
2298,2040,2648,0.4695330560207367
2299,2040,5627,0.46951499581336975
2300,2040,2336,0.46950316429138184
2301,2040,4355,0.4694303572177887
2302,2040,6282,0.4694302976131439
2303,2040,3930,0.4694141149520874
2304,2040,2756,0.4693646728992462
2305,2040,6214,0.46923205256462097
2306,2040,2507,0.4691775441169739
2307,2040,5871,0.4691694378852844
2308,2040,5979,0.4691421389579773
2309,2040,1657,0.4691232442855835
2310,2040,5596,0.4691208004951477
2311,2040,446,0.46908634901046753
2312,2040,4436,0.46905696392059326
2313,2040,1584,0.4690420627593994
2314,2040,4916,0.4690360426902771
2315,2040,3059,0.46903201937675476
2316,2040,4951,0.46902045607566833
2317,2040,5817,0.46901169419288635
2318,2040,4380,0.46900710463523865
2319,2040,3229,0.469005823135376
2320,2040,104,0.4689837098121643
2321,2040,3933,0.4689420163631439
2322,2040,2622,0.4689289331436157
2323,2040,937,0.4688619077205658
2324,2040,3420,0.46884769201278687
2325,2040,1778,0.4688047468662262
2326,2040,4096,0.4687913656234741
2327,2040,6018,0.4687494933605194
2328,2040,4260,0.4687260091304779
2329,2040,887,0.4686333239078522
2330,2040,6086,0.46856921911239624
2331,2040,6292,0.46855440735816956
2332,2040,2898,0.46851199865341187
2333,2040,3279,0.46844714879989624
2334,2040,159,0.4684191644191742
2335,2040,4616,0.46840929985046387
2336,2040,1371,0.46838048100471497
2337,2040,6393,0.4683552086353302
2338,2040,183,0.4682907462120056
2339,2040,3562,0.4682839810848236
2340,2040,4348,0.46825575828552246
2341,2040,1208,0.46819671988487244
2342,2040,4052,0.46818357706069946
2343,2040,2136,0.46817994117736816
2344,2040,1879,0.46817994117736816
2345,2040,3969,0.46814462542533875
2346,2040,4710,0.46812060475349426
2347,2040,4180,0.4681115448474884
2348,2040,72,0.4681048095226288
2349,2040,4459,0.46797317266464233
2350,2040,1118,0.46791955828666687
2351,2040,3737,0.4678914546966553
2352,2040,3069,0.46784886717796326
2353,2040,1365,0.4678410291671753
2354,2040,2947,0.4677933156490326
2355,2040,6295,0.46763482689857483
2356,2040,222,0.4676142930984497
2357,2040,1915,0.46760067343711853
2358,2040,2419,0.46758970618247986
2359,2040,2923,0.4675767421722412
2360,2040,2445,0.46754515171051025
2361,2040,4012,0.467475026845932
2362,2040,96,0.46745213866233826
2363,2040,4628,0.46741238236427307
2364,2040,6095,0.4673401117324829
2365,2040,5909,0.4672622084617615
2366,2040,3432,0.4672309160232544
2367,2040,2237,0.4672108292579651
2368,2040,1471,0.4672066569328308
2369,2040,2114,0.46719226241111755
2370,2040,2863,0.4671666622161865
2371,2040,923,0.46714138984680176
2372,2040,3564,0.46706682443618774
2373,2040,934,0.4670664668083191
2374,2040,425,0.4670499265193939
2375,2040,685,0.46700096130371094
2376,2040,2810,0.46699976921081543
2377,2040,5059,0.46697163581848145
2378,2040,2950,0.46696925163269043
2379,2040,3518,0.4669382572174072
2380,2040,3130,0.4669159948825836
2381,2040,4286,0.46690765023231506
2382,2040,4216,0.4668200612068176
2383,2040,440,0.4666794538497925
2384,2040,3878,0.46667441725730896
2385,2040,4033,0.46663451194763184
2386,2040,5391,0.4666306972503662
2387,2040,4048,0.4666144549846649
2388,2040,6412,0.4666047990322113
2389,2040,3186,0.4665955603122711
2390,2040,5592,0.466594398021698
2391,2040,1504,0.46653905510902405
2392,2040,2609,0.46652287244796753
2393,2040,3277,0.46649113297462463
2394,2040,3263,0.46646183729171753
2395,2040,518,0.4663912057876587
2396,2040,5853,0.4662960469722748
2397,2040,5525,0.466287225484848
2398,2040,3066,0.466244637966156
2399,2040,781,0.46621644496917725
2400,2040,1166,0.46605411171913147
2401,2040,2585,0.46601617336273193
2402,2040,946,0.466004878282547
2403,2040,5714,0.46599897742271423
2404,2040,1155,0.465946763753891
2405,2040,2329,0.4658609926700592
2406,2040,2192,0.46579232811927795
2407,2040,6003,0.4657650291919708
2408,2040,1047,0.46574166417121887
2409,2040,2841,0.465727835893631
2410,2040,1465,0.46565377712249756
2411,2040,4772,0.46560463309288025
2412,2040,1501,0.4655696153640747
2413,2040,1434,0.4655674397945404
2414,2040,6270,0.46554845571517944
2415,2040,5886,0.46554458141326904
2416,2040,360,0.4655442237854004
2417,2040,2523,0.46549931168556213
2418,2040,5002,0.46548429131507874
2419,2040,1164,0.4654681384563446
2420,2040,1094,0.4654242694377899
2421,2040,3402,0.4654235243797302
2422,2040,2754,0.46540480852127075
2423,2040,5017,0.46537014842033386
2424,2040,5377,0.46535056829452515
2425,2040,3890,0.46530041098594666
2426,2040,3441,0.46527135372161865
2427,2040,4744,0.4652349352836609
2428,2040,4836,0.46518027782440186
2429,2040,982,0.46510234475135803
2430,2040,383,0.46506014466285706
2431,2040,6064,0.4650188088417053
2432,2040,5848,0.46494466066360474
2433,2040,5074,0.46491438150405884
2434,2040,1149,0.46491169929504395
2435,2040,5156,0.46489351987838745
2436,2040,2116,0.4648713767528534
2437,2040,4315,0.4647131562232971
2438,2040,3029,0.46466708183288574
2439,2040,125,0.4646509289741516
2440,2040,457,0.46462851762771606
2441,2040,5924,0.4645603895187378
2442,2040,1462,0.4645456075668335
2443,2040,478,0.4644840955734253
2444,2040,2980,0.46434861421585083
2445,2040,2969,0.4642971158027649
2446,2040,4083,0.46428149938583374
2447,2040,4275,0.4642798602581024
2448,2040,2663,0.4642797112464905
2449,2040,4187,0.46418705582618713
2450,2040,1702,0.46415719389915466
2451,2040,4325,0.4641541540622711
2452,2040,4866,0.46413183212280273
2453,2040,2421,0.46410927176475525
2454,2040,2682,0.4640762507915497
2455,2040,2326,0.46406692266464233
2456,2040,941,0.46405816078186035
2457,2040,650,0.4640485346317291
2458,2040,2639,0.4639912545681
2459,2040,2545,0.4638643264770508
2460,2040,2625,0.4638007581233978
2461,2040,186,0.4637843668460846
2462,2040,3542,0.46371230483055115
2463,2040,114,0.46366897225379944
2464,2040,1137,0.46361881494522095
2465,2040,2466,0.4635930061340332
2466,2040,5496,0.4635695219039917
2467,2040,1028,0.4635627865791321
2468,2040,2527,0.4635542929172516
2469,2040,3443,0.46352502703666687
2470,2040,5865,0.4635229706764221
2471,2040,3023,0.4634816348552704
2472,2040,53,0.46346795558929443
2473,2040,5740,0.46345004439353943
2474,2040,3440,0.463399201631546
2475,2040,4803,0.4633926451206207
2476,2040,2460,0.4633759558200836
2477,2040,3395,0.4633576571941376
2478,2040,2024,0.46335679292678833
2479,2040,2742,0.46333494782447815
2480,2040,99,0.4632851183414459
2481,2040,5562,0.463271826505661
2482,2040,3430,0.4632302522659302
2483,2040,877,0.4631907343864441
2484,2040,1277,0.46316012740135193
2485,2040,825,0.463155061006546
2486,2040,4659,0.463128000497818
2487,2040,3872,0.4631129503250122
2488,2040,76,0.4631020426750183
2489,2040,2708,0.46309757232666016
2490,2040,1142,0.46305161714553833
2491,2040,2753,0.4630410671234131
2492,2040,3375,0.4630369246006012
2493,2040,929,0.4629840850830078
2494,2040,4318,0.4628503918647766
2495,2040,2994,0.46284282207489014
2496,2040,426,0.46282029151916504
2497,2040,1025,0.4628171920776367
2498,2040,983,0.4627978205680847
2499,2040,5961,0.4627956748008728
2500,2040,5500,0.46277517080307007
2501,2040,2345,0.4627644419670105
2502,2040,3342,0.4627605974674225
2503,2040,2134,0.4627358913421631
2504,2040,2174,0.4627090394496918
2505,2040,6046,0.46268242597579956
2506,2040,5408,0.46265077590942383
2507,2040,1914,0.4626162648200989
2508,2040,940,0.4625929594039917
2509,2040,6283,0.46253642439842224
2510,2040,1791,0.4625280499458313
2511,2040,192,0.4625123143196106
2512,2040,3632,0.46250998973846436
2513,2040,507,0.46242839097976685
2514,2040,2474,0.4624125361442566
2515,2040,3079,0.46240347623825073
2516,2040,3063,0.4623773694038391
2517,2040,3228,0.46235597133636475
2518,2040,2597,0.46233031153678894
2519,2040,3222,0.4623273015022278
2520,2040,5163,0.46232518553733826
2521,2040,4506,0.46228739619255066
2522,2040,1088,0.46221309900283813
2523,2040,5467,0.4622122347354889
2524,2040,3846,0.4621889591217041
2525,2040,957,0.4621245265007019
2526,2040,5642,0.462065726518631
2527,2040,2235,0.46196696162223816
2528,2040,2999,0.461932897567749
2529,2040,3860,0.461924284696579
2530,2040,2786,0.46188193559646606
2531,2040,2830,0.4618794918060303
2532,2040,3880,0.4617953300476074
2533,2040,1691,0.46178096532821655
2534,2040,6259,0.4617089629173279
2535,2040,3145,0.4616645276546478
2536,2040,2934,0.4616610109806061
2537,2040,1228,0.4616151750087738
2538,2040,1189,0.4616151750087738
2539,2040,5656,0.46159887313842773
2540,2040,3358,0.4615229368209839
2541,2040,2446,0.46141567826271057
2542,2040,1950,0.46137115359306335
2543,2040,6219,0.4613257348537445
2544,2040,1177,0.46131595969200134
2545,2040,708,0.4612782299518585
2546,2040,1896,0.46120649576187134
2547,2040,4415,0.4611983597278595
2548,2040,4460,0.46113157272338867
2549,2040,6156,0.46109336614608765
2550,2040,924,0.4610532820224762
2551,2040,5166,0.46105247735977173
2552,2040,3094,0.46098071336746216
2553,2040,4132,0.46090036630630493
2554,2040,3594,0.46085429191589355
2555,2040,238,0.46084290742874146
2556,2040,4593,0.46083003282546997
2557,2040,584,0.4607797861099243
2558,2040,3503,0.46073463559150696
2559,2040,3968,0.46066099405288696
2560,2040,5786,0.460659921169281
2561,2040,6002,0.46064841747283936
2562,2040,5128,0.4605225920677185
2563,2040,2120,0.46044254302978516
2564,2040,1092,0.46034637093544006
2565,2040,3350,0.4603252112865448
2566,2040,4804,0.4602503180503845
2567,2040,4940,0.4601399600505829
2568,2040,2727,0.4601394832134247
2569,2040,2563,0.4601336121559143
2570,2040,4224,0.46011412143707275
2571,2040,963,0.4600905776023865
2572,2040,1780,0.46005746722221375
2573,2040,2128,0.46003127098083496
2574,2040,260,0.460019052028656
2575,2040,4736,0.4599708318710327
2576,2040,5749,0.45994147658348083
2577,2040,5321,0.4599383473396301
2578,2040,5735,0.4599322974681854
2579,2040,766,0.4597705602645874
2580,2040,3615,0.4597463309764862
2581,2040,1883,0.4597139358520508
2582,2040,2473,0.45970356464385986
2583,2040,5367,0.45966342091560364
2584,2040,2350,0.4596520960330963
2585,2040,4209,0.45965027809143066
2586,2040,4359,0.4596347212791443
2587,2040,5551,0.4596268832683563
2588,2040,5936,0.45960456132888794
2589,2040,2437,0.459555447101593
2590,2040,3049,0.45952558517456055
2591,2040,4755,0.45952537655830383
2592,2040,721,0.4594818353652954
2593,2040,4329,0.45946353673934937
2594,2040,6250,0.45937711000442505
2595,2040,2809,0.4593588411808014
2596,2040,4467,0.4593525230884552
2597,2040,5869,0.45933836698532104
2598,2040,791,0.4592640697956085
2599,2040,6334,0.4592536985874176
2600,2040,4249,0.4592384994029999
2601,2040,6089,0.4590856730937958
2602,2040,136,0.45906293392181396
2603,2040,3467,0.459028959274292
2604,2040,2405,0.45897501707077026
2605,2040,904,0.4589598774909973
2606,2040,4899,0.45895129442214966
2607,2040,2333,0.458911269903183
2608,2040,4846,0.4588276147842407
2609,2040,790,0.45882707834243774
2610,2040,2081,0.4588049054145813
2611,2040,4743,0.45879796147346497
2612,2040,1563,0.45879364013671875
2613,2040,6404,0.45872950553894043
2614,2040,2844,0.4586407244205475
2615,2040,3853,0.45860621333122253
2616,2040,1226,0.45857399702072144
2617,2040,1194,0.45857399702072144
2618,2040,4957,0.4584880471229553
2619,2040,2313,0.45841366052627563
2620,2040,692,0.4583602845668793
2621,2040,757,0.4583500921726227
2622,2040,865,0.45828768610954285
2623,2040,4784,0.45826074481010437
2624,2040,3932,0.4582602381706238
2625,2040,3033,0.4582393765449524
2626,2040,3784,0.4582080543041229
2627,2040,4326,0.4581628441810608
2628,2040,5830,0.4581570625305176
2629,2040,2425,0.45813363790512085
2630,2040,552,0.45810267329216003
2631,2040,5914,0.4580364227294922
2632,2040,681,0.4579963684082031
2633,2040,3986,0.4579280614852905
2634,2040,5782,0.45786213874816895
2635,2040,4751,0.45785170793533325
2636,2040,5590,0.457836776971817
2637,2040,3794,0.45780161023139954
2638,2040,1202,0.45778152346611023
2639,2040,1703,0.4577716290950775
2640,2040,4498,0.45761409401893616
2641,2040,3910,0.4575541019439697
2642,2040,4139,0.4575474262237549
2643,2040,1070,0.4574706256389618
2644,2040,6418,0.45746466517448425
2645,2040,326,0.45744091272354126
2646,2040,1110,0.4573702812194824
2647,2040,4058,0.4573532044887543
2648,2040,4618,0.45732396841049194
2649,2040,1840,0.45730525255203247
2650,2040,3734,0.4572577178478241
2651,2040,5955,0.4572315216064453
2652,2040,3801,0.45721784234046936
2653,2040,4552,0.45719003677368164
2654,2040,4468,0.45715969800949097
2655,2040,3713,0.4571506381034851
2656,2040,1113,0.45711207389831543
2657,2040,3837,0.4571073353290558
2658,2040,3621,0.45710358023643494
2659,2040,4036,0.4570977985858917
2660,2040,4003,0.4570770263671875
2661,2040,4604,0.45706066489219666
2662,2040,5907,0.45705243945121765
2663,2040,361,0.45695188641548157
2664,2040,831,0.456949383020401
2665,2040,4442,0.4569319188594818
2666,2040,1855,0.4569128751754761
2667,2040,1007,0.45690852403640747
2668,2040,1106,0.4568902254104614
2669,2040,5511,0.4568812847137451
2670,2040,6316,0.45685437321662903
2671,2040,4901,0.4568377137184143
2672,2040,927,0.45682451128959656
2673,2040,4113,0.4568037688732147
2674,2040,6184,0.4567755460739136
2675,2040,5051,0.45677465200424194
2676,2040,242,0.45676571130752563
2677,2040,6342,0.45676419138908386
2678,2040,4057,0.45675602555274963
2679,2040,960,0.4567406177520752
2680,2040,5540,0.45670846104621887
2681,2040,5607,0.456697016954422
2682,2040,5362,0.4566822946071625
2683,2040,2620,0.4566197693347931
2684,2040,667,0.4566015899181366
2685,2040,2781,0.4565202295780182
2686,2040,3101,0.45649072527885437
2687,2040,6280,0.456435889005661
2688,2040,2013,0.4564284086227417
2689,2040,19,0.4564049541950226
2690,2040,5750,0.4563871920108795
2691,2040,3936,0.45614153146743774
2692,2040,2541,0.4560891091823578
2693,2040,1320,0.45608827471733093
2694,2040,1350,0.45608827471733093
2695,2040,3418,0.4560680389404297
2696,2040,4114,0.45606285333633423
2697,2040,5601,0.4560477137565613
2698,2040,127,0.4560406804084778
2699,2040,420,0.4560123085975647
2700,2040,1777,0.45600035786628723
2701,2040,5821,0.45596474409103394
2702,2040,1554,0.45595505833625793
2703,2040,5760,0.45593342185020447
2704,2040,5654,0.45582765340805054
2705,2040,1054,0.455826073884964
2706,2040,5254,0.45578300952911377
2707,2040,2091,0.45569974184036255
2708,2040,5994,0.4555899500846863
2709,2040,2628,0.4555736780166626
2710,2040,726,0.455572247505188
2711,2040,1575,0.4554957151412964
2712,2040,2875,0.45549213886260986
2713,2040,1878,0.4554736316204071
2714,2040,3080,0.4554497003555298
2715,2040,1797,0.45541641116142273
2716,2040,5732,0.4553900957107544
2717,2040,3339,0.45532795786857605
2718,2040,1382,0.45527857542037964
2719,2040,3100,0.455213725566864
2720,2040,4023,0.4551590085029602
2721,2040,1976,0.4550970494747162
2722,2040,3300,0.45509591698646545
2723,2040,995,0.45509421825408936
2724,2040,3741,0.4550239145755768
2725,2040,3830,0.4550136923789978
2726,2040,2461,0.4549940228462219
2727,2040,2774,0.4549686908721924
2728,2040,2327,0.4549667239189148
2729,2040,1304,0.4549591541290283
2730,2040,2078,0.4548962116241455
2731,2040,3354,0.4548959732055664
2732,2040,2776,0.4548916816711426
2733,2040,6190,0.45486581325531006
2734,2040,5989,0.45485901832580566
2735,2040,4486,0.45484012365341187
2736,2040,3861,0.4548213481903076
2737,2040,4384,0.4548037350177765
2738,2040,4347,0.4547899663448334
2739,2040,5899,0.45478007197380066
2740,2040,5501,0.45474475622177124
2741,2040,6379,0.45473966002464294
2742,2040,505,0.4547390043735504
2743,2040,848,0.45472919940948486
2744,2040,5840,0.4547133445739746
2745,2040,2654,0.4546228051185608
2746,2040,481,0.45461952686309814
2747,2040,3253,0.45456358790397644
2748,2040,5067,0.45455116033554077
2749,2040,2993,0.4545232355594635
2750,2040,2093,0.4545058012008667
2751,2040,2747,0.4544967710971832
2752,2040,390,0.4544665515422821
2753,2040,4608,0.45446088910102844
2754,2040,3364,0.45444923639297485
2755,2040,4106,0.45444655418395996
2756,2040,3978,0.45443981885910034
2757,2040,6420,0.4543709456920624
2758,2040,2990,0.4542808532714844
2759,2040,1627,0.4542197585105896
2760,2040,5060,0.4541962444782257
2761,2040,5095,0.454189658164978
2762,2040,3115,0.45416951179504395
2763,2040,4016,0.4541124105453491
2764,2040,5556,0.454101026058197
2765,2040,92,0.4540722966194153
2766,2040,1946,0.4540649950504303
2767,2040,4156,0.4540637135505676
2768,2040,5846,0.4540487229824066
2769,2040,396,0.45404836535453796
2770,2040,5767,0.45395714044570923
2771,2040,4009,0.45389029383659363
2772,2040,4881,0.4538792073726654
2773,2040,5448,0.45387351512908936
2774,2040,5096,0.45380014181137085
2775,2040,4577,0.45371946692466736
2776,2040,6062,0.4536445140838623
2777,2040,394,0.45361775159835815
2778,2040,2097,0.4535967707633972
2779,2040,1041,0.45359599590301514
2780,2040,4289,0.45358699560165405
2781,2040,44,0.4535478353500366
2782,2040,418,0.4535389244556427
2783,2040,574,0.4534887969493866
2784,2040,5084,0.4534667730331421
2785,2040,4284,0.4534248411655426
2786,2040,3532,0.4533701539039612
2787,2040,5539,0.45334282517433167
2788,2040,3333,0.45334041118621826
2789,2040,1932,0.45322588086128235
2790,2040,872,0.4531857967376709
2791,2040,5157,0.45315054059028625
2792,2040,3547,0.4530998468399048
2793,2040,4788,0.45304903388023376
2794,2040,3653,0.452962726354599
2795,2040,3510,0.4529617726802826
2796,2040,2973,0.45293128490448
2797,2040,1766,0.4529241621494293
2798,2040,317,0.45291489362716675
2799,2040,919,0.45288950204849243
2800,2040,1687,0.45281776785850525
2801,2040,4302,0.4527812898159027
2802,2040,3050,0.452759325504303
2803,2040,5945,0.45275285840034485
2804,2040,2564,0.4527302086353302
2805,2040,719,0.4527077078819275
2806,2040,4065,0.45267578959465027
2807,2040,298,0.4525793492794037
2808,2040,6027,0.45244133472442627
2809,2040,511,0.45238396525382996
2810,2040,3546,0.45235997438430786
2811,2040,3433,0.4521680772304535
2812,2040,1571,0.452054500579834
2813,2040,1858,0.45203039050102234
2814,2040,1967,0.4520263373851776
2815,2040,670,0.45201119780540466
2816,2040,1423,0.45199739933013916
2817,2040,4689,0.4519709348678589
2818,2040,5995,0.45190441608428955
2819,2040,3859,0.451872318983078
2820,2040,6253,0.45162251591682434
2821,2040,6312,0.45160719752311707
2822,2040,547,0.4515964388847351
2823,2040,2417,0.45151472091674805
2824,2040,2161,0.45145389437675476
2825,2040,2049,0.4514276385307312
2826,2040,5630,0.45140498876571655
2827,2040,6067,0.451402872800827
2828,2040,5461,0.451381117105484
2829,2040,1024,0.45137593150138855
2830,2040,4212,0.45136192440986633
2831,2040,4298,0.4513108730316162
2832,2040,5655,0.45130616426467896
2833,2040,3998,0.45128750801086426
2834,2040,930,0.4512192904949188
2835,2040,6133,0.4511941075325012
2836,2040,129,0.45112213492393494
2837,2040,3805,0.4509811997413635
2838,2040,2634,0.45096033811569214
2839,2040,3485,0.4509318172931671
2840,2040,4519,0.45089173316955566
2841,2040,1768,0.4508386552333832
2842,2040,4450,0.4507105350494385
2843,2040,4171,0.4506605863571167
2844,2040,3491,0.45060834288597107
2845,2040,5567,0.45060381293296814
2846,2040,5028,0.45059412717819214
2847,2040,5981,0.45052361488342285
2848,2040,2761,0.4505211114883423
2849,2040,5202,0.45048871636390686
2850,2040,1015,0.4504498541355133
2851,2040,4481,0.45040586590766907
2852,2040,5665,0.4503675401210785
2853,2040,5659,0.45035505294799805
2854,2040,3864,0.4503013789653778
2855,2040,2365,0.45026686787605286
2856,2040,1610,0.4502580165863037
2857,2040,4513,0.45023712515830994
2858,2040,753,0.4502321183681488
2859,2040,2986,0.45015567541122437
2860,2040,3785,0.450076699256897
2861,2040,2330,0.44994887709617615
2862,2040,2385,0.4499291181564331
2863,2040,3116,0.4499194324016571
2864,2040,1985,0.44981783628463745
2865,2040,1792,0.4498155117034912
2866,2040,809,0.4497421681880951
2867,2040,3276,0.44972729682922363
2868,2040,5078,0.44966861605644226
2869,2040,1794,0.44964927434921265
2870,2040,1917,0.4495438039302826
2871,2040,3437,0.4495202302932739
2872,2040,4141,0.44950687885284424
2873,2040,6308,0.44949623942375183
2874,2040,1184,0.4494578540325165
2875,2040,3886,0.44943293929100037
2876,2040,5618,0.44937431812286377
2877,2040,4324,0.4493599832057953
2878,2040,2955,0.44932809472084045
2879,2040,4954,0.4492967128753662
2880,2040,3655,0.44927677512168884
2881,2040,142,0.4492736756801605
2882,2040,5754,0.44921910762786865
2883,2040,5968,0.4491657316684723
2884,2040,4597,0.4491259753704071
2885,2040,3294,0.44911161065101624
2886,2040,1276,0.4490843415260315
2887,2040,4738,0.44901832938194275
2888,2040,1590,0.44895240664482117
2889,2040,5052,0.4489118754863739
2890,2040,1374,0.4488943815231323
2891,2040,185,0.4488687813282013
2892,2040,4011,0.44884976744651794
2893,2040,2765,0.44880878925323486
2894,2040,2383,0.4487413167953491
2895,2040,6409,0.4486764669418335
2896,2040,2459,0.4486328661441803
2897,2040,12,0.44859838485717773
2898,2040,1565,0.44849511981010437
2899,2040,6051,0.44845205545425415
2900,2040,4826,0.44835415482521057
2901,2040,5210,0.4483289420604706
2902,2040,1869,0.44826698303222656
2903,2040,2088,0.44826698303222656
2904,2040,5164,0.44825950264930725
2905,2040,5031,0.4482325315475464
2906,2040,1510,0.448210746049881
2907,2040,3652,0.4481261968612671
2908,2040,4230,0.4481213092803955
2909,2040,3140,0.4481194317340851
2910,2040,1806,0.4481029212474823
2911,2040,5983,0.4480295181274414
2912,2040,2788,0.44801458716392517
2913,2040,5663,0.44798412919044495
2914,2040,2552,0.4479345679283142
2915,2040,5165,0.44791460037231445
2916,2040,5388,0.44789931178092957
2917,2040,3873,0.447898268699646
2918,2040,3138,0.44788265228271484
2919,2040,2291,0.4477939009666443
2920,2040,122,0.44779330492019653
2921,2040,6246,0.44775527715682983
2922,2040,3344,0.44766008853912354
2923,2040,1212,0.44764167070388794
2924,2040,4432,0.44760218262672424
2925,2040,2571,0.44759517908096313
2926,2040,698,0.44752237200737
2927,2040,5759,0.4475080370903015
2928,2040,2377,0.44749248027801514
2929,2040,2382,0.4474879801273346
2930,2040,683,0.4474593698978424
2931,2040,3543,0.4474464952945709
2932,2040,4167,0.4473763406276703
2933,2040,4566,0.4473244249820709
2934,2040,6014,0.44728022813796997
2935,2040,2368,0.4472423195838928
2936,2040,155,0.44722357392311096
2937,2040,5736,0.4471700191497803
2938,2040,3581,0.44716736674308777
2939,2040,3887,0.4471651613712311
2940,2040,5553,0.4471549391746521
2941,2040,4661,0.44707128405570984
2942,2040,6172,0.44704633951187134
2943,2040,5205,0.4469698369503021
2944,2040,4417,0.4469481408596039
2945,2040,4557,0.4468989074230194
2946,2040,1147,0.44689446687698364
2947,2040,4089,0.4468803107738495
2948,2040,1353,0.44682013988494873
2949,2040,1957,0.4467979371547699
2950,2040,116,0.4467916786670685
2951,2040,3397,0.44677475094795227
2952,2040,4038,0.4467303454875946
2953,2040,120,0.44671323895454407
2954,2040,3297,0.4466780126094818
2955,2040,3774,0.4466661214828491
2956,2040,4428,0.44665175676345825
2957,2040,1416,0.44664934277534485
2958,2040,5261,0.44648829102516174
2959,2040,2221,0.44646865129470825
2960,2040,1421,0.4464646577835083
2961,2040,1021,0.4464629888534546
2962,2040,830,0.44641605019569397
2963,2040,4884,0.4464133381843567
2964,2040,5160,0.44641008973121643
2965,2040,11,0.44640737771987915
2966,2040,3072,0.4462987780570984
2967,2040,349,0.4462299644947052
2968,2040,1572,0.44621241092681885
2969,2040,3045,0.4461985230445862
2970,2040,4823,0.44618651270866394
2971,2040,1592,0.44618403911590576
2972,2040,1906,0.44617050886154175
2973,2040,5765,0.4460923969745636
2974,2040,795,0.44607749581336975
2975,2040,1272,0.4460195302963257
2976,2040,1556,0.44596555829048157
2977,2040,3268,0.44595542550086975
2978,2040,1233,0.445919394493103
2979,2040,305,0.44591522216796875
2980,2040,3661,0.445912629365921
2981,2040,3004,0.445843368768692
2982,2040,5803,0.4458135962486267
2983,2040,1704,0.4458124041557312
2984,2040,6182,0.44580787420272827
2985,2040,5079,0.44578784704208374
2986,2040,2226,0.44576963782310486
2987,2040,26,0.44575178623199463
2988,2040,1787,0.4457511901855469
2989,2040,3099,0.44574815034866333
2990,2040,256,0.44574353098869324
2991,2040,4323,0.4456905722618103
2992,2040,5147,0.44558072090148926
2993,2040,4892,0.44553837180137634
2994,2040,4081,0.44551801681518555
2995,2040,3566,0.44551005959510803
2996,2040,591,0.4454869329929352
2997,2040,2744,0.4454576075077057
2998,2040,6425,0.44542911648750305
2999,2040,1151,0.4454151690006256
3000,2040,5169,0.4453664720058441
3001,2040,5005,0.44533127546310425
3002,2040,3132,0.44529828429222107
3003,2040,889,0.4452778697013855
3004,2040,5024,0.44526031613349915
3005,2040,3341,0.4451938569545746
3006,2040,3076,0.44514864683151245
3007,2040,1141,0.44505926966667175
3008,2040,2755,0.44503170251846313
3009,2040,634,0.44502580165863037
3010,2040,3849,0.44497233629226685
3011,2040,2479,0.4449407458305359
3012,2040,1619,0.44491496682167053
3013,2040,1387,0.44487637281417847
3014,2040,5674,0.44486790895462036
3015,2040,824,0.44483107328414917
3016,2040,5420,0.44479960203170776
3017,2040,3609,0.44471415877342224
3018,2040,5426,0.4446651339530945
3019,2040,28,0.4444998800754547
3020,2040,3529,0.44442108273506165
3021,2040,3379,0.44439709186553955
3022,2040,2565,0.44437718391418457
3023,2040,4706,0.44437047839164734
3024,2040,759,0.44436365365982056
3025,2040,3964,0.4443129599094391
3026,2040,3356,0.44427552819252014
3027,2040,4480,0.4442669153213501
3028,2040,5605,0.444242000579834
3029,2040,834,0.4442003071308136
3030,2040,2655,0.44419047236442566
3031,2040,1123,0.4441724419593811
3032,2040,2550,0.4441685080528259
3033,2040,4801,0.44415318965911865
3034,2040,981,0.44414249062538147
3035,2040,1819,0.4441174864768982
3036,2040,5033,0.44409269094467163
3037,2040,2896,0.4440881907939911
3038,2040,2475,0.44407716393470764
3039,2040,3317,0.444065123796463
3040,2040,3103,0.44405806064605713
3041,2040,5227,0.4440476596355438
3042,2040,3435,0.4440303444862366
3043,2040,2701,0.44401872158050537
3044,2040,770,0.4440036118030548
3045,2040,1799,0.4439621567726135
3046,2040,973,0.443926602602005
3047,2040,5336,0.44390594959259033
3048,2040,4013,0.44387662410736084
3049,2040,4295,0.4438501000404358
3050,2040,748,0.4438420832157135
3051,2040,6254,0.4438372552394867
3052,2040,4876,0.4437342584133148
3053,2040,5479,0.44372475147247314
3054,2040,1404,0.44368934631347656
3055,2040,3586,0.44361233711242676
3056,2040,2715,0.44359493255615234
3057,2040,555,0.4435865581035614
3058,2040,2852,0.4435730278491974
3059,2040,5260,0.4434783160686493
3060,2040,4234,0.4434577226638794
3061,2040,2469,0.44343018531799316
3062,2040,1093,0.4434283673763275
3063,2040,1812,0.44338181614875793
3064,2040,3376,0.44334638118743896
3065,2040,5636,0.44330909848213196
3066,2040,4573,0.4432896077632904
3067,2040,1833,0.4432857632637024
3068,2040,4806,0.4432277977466583
3069,2040,3712,0.44321244955062866
3070,2040,2581,0.4432052671909332
3071,2040,5415,0.44319143891334534
3072,2040,987,0.44319015741348267
3073,2040,6162,0.44311749935150146
3074,2040,2042,0.443057656288147
3075,2040,2926,0.44305428862571716
3076,2040,5267,0.44300195574760437
3077,2040,6044,0.44293519854545593
3078,2040,43,0.4429000914096832
3079,2040,3439,0.4428611993789673
3080,2040,5969,0.4428606927394867
3081,2040,5138,0.4427247643470764
3082,2040,532,0.44270074367523193
3083,2040,793,0.44266560673713684
3084,2040,2909,0.44261011481285095
3085,2040,5142,0.44259172677993774
3086,2040,1381,0.44255855679512024
3087,2040,5216,0.4425503611564636
3088,2040,3748,0.44252458214759827
3089,2040,4794,0.44252175092697144
3090,2040,5612,0.44251692295074463
3091,2040,5220,0.4425034821033478
3092,2040,3426,0.4425024092197418
3093,2040,5882,0.4424724578857422
3094,2040,4218,0.44242316484451294
3095,2040,2299,0.44242143630981445
3096,2040,4754,0.4424099624156952
3097,2040,3360,0.4424017071723938
3098,2040,2977,0.44222238659858704
3099,2040,1261,0.4422054886817932
3100,2040,5185,0.4421347677707672
3101,2040,3061,0.4420367181301117
3102,2040,370,0.4420226514339447
3103,2040,5395,0.44201532006263733
3104,2040,5168,0.441974401473999
3105,2040,2316,0.44197121262550354
3106,2040,5897,0.44188666343688965
3107,2040,5122,0.4418509602546692
3108,2040,5140,0.441829115152359
3109,2040,6327,0.4418121874332428
3110,2040,3637,0.4417862892150879
3111,2040,4313,0.44178125262260437
3112,2040,27,0.44173192977905273
3113,2040,1328,0.44169577956199646
3114,2040,5038,0.4416503608226776
3115,2040,2187,0.44160130620002747
3116,2040,115,0.44158488512039185
3117,2040,3740,0.4414961040019989
3118,2040,4111,0.4414515197277069
3119,2040,6344,0.4414488971233368
3120,2040,3723,0.44119006395339966
3121,2040,807,0.44117051362991333
3122,2040,4006,0.4411371946334839
3123,2040,2847,0.4410989284515381
3124,2040,38,0.4410533607006073
3125,2040,5356,0.4410310983657837
3126,2040,1122,0.4409979581832886
3127,2040,5683,0.44095444679260254
3128,2040,5274,0.4409226179122925
3129,2040,2902,0.4408296048641205
3130,2040,5331,0.44080501794815063
3131,2040,3474,0.44079023599624634
3132,2040,5855,0.44078487157821655
3133,2040,5633,0.44074246287345886
3134,2040,3668,0.44070491194725037
3135,2040,1040,0.44057905673980713
3136,2040,631,0.44057390093803406
3137,2040,3679,0.4405294358730316
3138,2040,3065,0.4405200481414795
3139,2040,521,0.440485417842865
3140,2040,4947,0.440483957529068
3141,2040,4379,0.44047996401786804
3142,2040,1080,0.440471351146698
3143,2040,1079,0.44037917256355286
3144,2040,2730,0.4403558671474457
3145,2040,2987,0.4403482973575592
3146,2040,5555,0.44011619687080383
3147,2040,1581,0.4400836229324341
3148,2040,315,0.43996745347976685
3149,2040,3105,0.4399246275424957
3150,2040,168,0.4398159086704254
3151,2040,1281,0.43978601694107056
3152,2040,3544,0.439697265625
3153,2040,6097,0.4396263659000397
3154,2040,1176,0.43962353467941284
3155,2040,6183,0.4395868480205536
3156,2040,4376,0.4395749866962433
3157,2040,3436,0.43951183557510376
3158,2040,5180,0.43943822383880615
3159,2040,952,0.4394347667694092
3160,2040,2070,0.43941718339920044
3161,2040,1877,0.43941718339920044
3162,2040,5515,0.43933814764022827
3163,2040,5728,0.4393358528614044
3164,2040,4225,0.43932706117630005
3165,2040,1881,0.43930676579475403
3166,2040,3950,0.43926700949668884
3167,2040,4280,0.43926697969436646
3168,2040,6381,0.4392489790916443
3169,2040,2274,0.43924736976623535
3170,2040,4588,0.43922990560531616
3171,2040,5135,0.4392230808734894
3172,2040,4554,0.43921807408332825
3173,2040,3417,0.43916618824005127
3174,2040,4923,0.43914660811424255
3175,2040,1163,0.4391438066959381
3176,2040,1836,0.4391418993473053
3177,2040,3530,0.43914103507995605
3178,2040,2872,0.43912747502326965
3179,2040,1002,0.4391182065010071
3180,2040,645,0.4390968680381775
3181,2040,4781,0.4390622079372406
3182,2040,2666,0.43900445103645325
3183,2040,3281,0.4390031695365906
3184,2040,1802,0.43899717926979065
3185,2040,2260,0.43897581100463867
3186,2040,4395,0.43897563219070435
3187,2040,3296,0.4389582872390747
3188,2040,515,0.4388316571712494
3189,2040,2489,0.43882036209106445
3190,2040,5310,0.43880510330200195
3191,2040,2231,0.43878284096717834
3192,2040,1496,0.4387539029121399
3193,2040,3522,0.43875303864479065
3194,2040,2320,0.4387098550796509
3195,2040,1922,0.4387083351612091
3196,2040,472,0.43868476152420044
3197,2040,820,0.43863242864608765
3198,2040,2651,0.43862542510032654
3199,2040,3924,0.43857541680336
3200,2040,875,0.43854519724845886
3201,2040,4422,0.4385358393192291
3202,2040,5798,0.4384908080101013
3203,2040,5083,0.4384895861148834
3204,2040,3639,0.43848100304603577
3205,2040,109,0.4384787976741791
3206,2040,693,0.4384448826313019
3207,2040,6249,0.43840062618255615
3208,2040,4353,0.4383367896080017
3209,2040,5302,0.43833592534065247
3210,2040,4523,0.43832290172576904
3211,2040,3831,0.4383113384246826
3212,2040,805,0.43828055262565613
3213,2040,2315,0.4382500946521759
3214,2040,4198,0.43820831179618835
3215,2040,673,0.43819528818130493
3216,2040,4487,0.43812718987464905
3217,2040,4910,0.43812358379364014
3218,2040,5347,0.43809542059898376
3219,2040,3959,0.43808093667030334
3220,2040,5307,0.4380735456943512
3221,2040,4297,0.43806442618370056
3222,2040,549,0.4380256235599518
3223,2040,913,0.4380055069923401
3224,2040,5890,0.43791794776916504
3225,2040,3169,0.437797486782074
3226,2040,5712,0.43774646520614624
3227,2040,3248,0.4377240836620331
3228,2040,343,0.4375900626182556
3229,2040,1864,0.4374453127384186
3230,2040,5883,0.4374355673789978
3231,2040,6258,0.4374048411846161
3232,2040,1223,0.4374001622200012
3233,2040,513,0.437328577041626
3234,2040,804,0.4373149275779724
3235,2040,4517,0.43730559945106506
3236,2040,4518,0.4372909665107727
3237,2040,2508,0.43727347254753113
3238,2040,2568,0.4371950924396515
3239,2040,3185,0.4371587932109833
3240,2040,1211,0.43715405464172363
3241,2040,1143,0.43714413046836853
3242,2040,4371,0.43703654408454895
3243,2040,5451,0.43702152371406555
3244,2040,5015,0.43695253133773804
3245,2040,997,0.43693873286247253
3246,2040,6192,0.43686267733573914
3247,2040,5268,0.4367751479148865
3248,2040,157,0.43673765659332275
3249,2040,4091,0.4367103576660156
3250,2040,2529,0.4367024600505829
3251,2040,4243,0.43665602803230286
3252,2040,5733,0.4366466701030731
3253,2040,4101,0.43657517433166504
3254,2040,3898,0.4364767074584961
3255,2040,5258,0.4364619851112366
3256,2040,5214,0.4364543855190277
3257,2040,2645,0.436445951461792
3258,2040,5769,0.4364422559738159
3259,2040,3057,0.4363824725151062
3260,2040,5942,0.4363200068473816
3261,2040,5745,0.43631353974342346
3262,2040,1555,0.4363114535808563
3263,2040,5809,0.43628349900245667
3264,2040,2976,0.4362334907054901
3265,2040,1060,0.4362334609031677
3266,2040,1068,0.4362156391143799
3267,2040,3888,0.4362098276615143
3268,2040,4787,0.436181902885437
3269,2040,267,0.4361205995082855
3270,2040,393,0.43610483407974243
3271,2040,5327,0.43609800934791565
3272,2040,3856,0.4360913634300232
3273,2040,1326,0.4360751807689667
3274,2040,2296,0.4360648989677429
3275,2040,5219,0.4360303580760956
3276,2040,1322,0.4360058903694153
3277,2040,709,0.43599799275398254
3278,2040,362,0.4359879791736603
3279,2040,1890,0.4359878599643707
3280,2040,429,0.4359629154205322
3281,2040,3407,0.4359514117240906
3282,2040,3809,0.4359093904495239
3283,2040,6302,0.43579933047294617
3284,2040,1456,0.43577930331230164
3285,2040,4729,0.4357782006263733
3286,2040,3284,0.43577679991722107
3287,2040,5253,0.43572717905044556
3288,2040,700,0.43564093112945557
3289,2040,2631,0.4356025159358978
3290,2040,6227,0.43557974696159363
3291,2040,4931,0.43557941913604736
3292,2040,942,0.4355499744415283
3293,2040,2181,0.43549197912216187
3294,2040,1390,0.43545427918434143
3295,2040,4579,0.43540966510772705
3296,2040,1312,0.43536219000816345
3297,2040,1188,0.43533432483673096
3298,2040,972,0.4352855086326599
3299,2040,1418,0.43525439500808716
3300,2040,1535,0.4352358281612396
3301,2040,2481,0.43516024947166443
3302,2040,3970,0.4351555407047272
3303,2040,1,0.4351297914981842
3304,2040,4760,0.4350852370262146
3305,2040,1358,0.4350414574146271
3306,2040,5040,0.4350387752056122
3307,2040,5864,0.43502911925315857
3308,2040,956,0.4350159764289856
3309,2040,891,0.4349294900894165
3310,2040,1227,0.4349023103713989
3311,2040,1474,0.4348642826080322
3312,2040,864,0.4347832500934601
3313,2040,207,0.43477436900138855
3314,2040,1706,0.43473413586616516
3315,2040,4194,0.43471434712409973
3316,2040,5119,0.4347058832645416
3317,2040,2490,0.4346866011619568
3318,2040,5895,0.4346735179424286
3319,2040,5932,0.4346698820590973
3320,2040,2098,0.4346620738506317
3321,2040,4265,0.4346146881580353
3322,2040,6392,0.4345858097076416
3323,2040,2051,0.43458235263824463
3324,2040,4397,0.4345790147781372
3325,2040,3591,0.43447697162628174
3326,2040,4043,0.43438488245010376
3327,2040,4800,0.4343481957912445
3328,2040,1927,0.43434640765190125
3329,2040,5266,0.4343273341655731
3330,2040,3238,0.43432191014289856
3331,2040,1173,0.43431490659713745
3332,2040,5768,0.43430569767951965
3333,2040,1389,0.43430086970329285
3334,2040,4345,0.43416333198547363
3335,2040,2617,0.4341577887535095
3336,2040,2764,0.43414705991744995
3337,2040,417,0.4341300427913666
3338,2040,6034,0.43412092328071594
3339,2040,6174,0.43409228324890137
3340,2040,3635,0.43408438563346863
3341,2040,2535,0.4340342879295349
3342,2040,6135,0.4340340495109558
3343,2040,66,0.434024840593338
3344,2040,450,0.43397361040115356
3345,2040,687,0.433925986289978
3346,2040,4656,0.43388211727142334
3347,2040,3182,0.4338613450527191
3348,2040,3331,0.4337977468967438
3349,2040,473,0.4336925446987152
3350,2040,4181,0.4336835443973541
3351,2040,5376,0.4336608052253723
3352,2040,5093,0.4336545467376709
3353,2040,6279,0.43363049626350403
3354,2040,3288,0.4336216151714325
3355,2040,5020,0.43361905217170715
3356,2040,228,0.4336080849170685
3357,2040,5105,0.43358340859413147
3358,2040,772,0.43355727195739746
3359,2040,4677,0.43352460861206055
3360,2040,5139,0.4335102438926697
3361,2040,6238,0.4334444999694824
3362,2040,2090,0.4333491623401642
3363,2040,3807,0.4333231449127197
3364,2040,2858,0.43330442905426025
3365,2040,2677,0.4332955777645111
3366,2040,4961,0.4332909882068634
3367,2040,497,0.43325766921043396
3368,2040,4795,0.43315866589546204
3369,2040,3703,0.4331207573413849
3370,2040,1087,0.43311983346939087
3371,2040,3469,0.4331039488315582
3372,2040,1531,0.4330141246318817
3373,2040,1222,0.4330083131790161
3374,2040,1076,0.43300676345825195
3375,2040,5097,0.4329865872859955
3376,2040,3135,0.4329589009284973
3377,2040,6220,0.4329369068145752
3378,2040,5818,0.4329332709312439
3379,2040,2306,0.4329138994216919
3380,2040,4942,0.4328818917274475
3381,2040,4852,0.4328283369541168
3382,2040,3453,0.43281689286231995
3383,2040,5708,0.4327199161052704
3384,2040,4261,0.43269503116607666
3385,2040,5502,0.43267861008644104
3386,2040,3367,0.43267542123794556
3387,2040,3240,0.43265601992607117
3388,2040,4666,0.43264782428741455
3389,2040,4231,0.4325956702232361
3390,2040,1523,0.4325947165489197
3391,2040,5013,0.4325934052467346
3392,2040,4906,0.4325856864452362
3393,2040,1545,0.4325246810913086
3394,2040,5176,0.43250226974487305
3395,2040,4533,0.4324510991573334
3396,2040,1659,0.4324493706226349
3397,2040,4627,0.43239203095436096
3398,2040,4227,0.4322803020477295
3399,2040,3992,0.43224281072616577
3400,2040,4153,0.4321557879447937
3401,2040,1707,0.432137668132782
3402,2040,6085,0.43205463886260986
3403,2040,5203,0.43197906017303467
3404,2040,3056,0.43196889758110046
3405,2040,5438,0.43194228410720825
3406,2040,1337,0.43190187215805054
3407,2040,250,0.43189331889152527
3408,2040,4770,0.43187639117240906
3409,2040,777,0.43184778094291687
3410,2040,5338,0.43179851770401
3411,2040,3457,0.4317953288555145
3412,2040,1379,0.43169450759887695
3413,2040,3040,0.43160587549209595
3414,2040,3292,0.43157926201820374
3415,2040,3916,0.43155762553215027
3416,2040,976,0.4315476417541504
3417,2040,4000,0.4315465986728668
3418,2040,3605,0.43148335814476013
3419,2040,3361,0.4314548373222351
3420,2040,5444,0.4314488172531128
3421,2040,4306,0.4314326345920563
3422,2040,2055,0.4314240515232086
3423,2040,1493,0.43142130970954895
3424,2040,4746,0.4313925802707672
3425,2040,4045,0.43137165904045105
3426,2040,3187,0.43135690689086914
3427,2040,1904,0.4313197731971741
3428,2040,6422,0.4312739968299866
3429,2040,3463,0.4311765730381012
3430,2040,5772,0.43113237619400024
3431,2040,4812,0.4311247169971466
3432,2040,5309,0.431073397397995
3433,2040,921,0.4310685098171234
3434,2040,4368,0.43102315068244934
3435,2040,4975,0.43096351623535156
3436,2040,5014,0.43093961477279663
3437,2040,2307,0.43089523911476135
3438,2040,2927,0.4308783710002899
3439,2040,1018,0.4308513104915619
3440,2040,1183,0.4308405816555023
3441,2040,2176,0.43083107471466064
3442,2040,3579,0.4307790696620941
3443,2040,5896,0.430778831243515
3444,2040,5409,0.43076157569885254
3445,2040,3026,0.43067002296447754
3446,2040,3285,0.43065008521080017
3447,2040,3656,0.43063032627105713
3448,2040,4530,0.4306110739707947
3449,2040,49,0.4305640757083893
3450,2040,722,0.4305185377597809
3451,2040,3519,0.43051132559776306
3452,2040,403,0.4305010735988617
3453,2040,4766,0.43048977851867676
3454,2040,1872,0.43047475814819336
3455,2040,2022,0.43046995997428894
3456,2040,5926,0.43046173453330994
3457,2040,5628,0.43044355511665344
3458,2040,3022,0.43042969703674316
3459,2040,4715,0.4304245412349701
3460,2040,133,0.4304124116897583
3461,2040,3462,0.4303737282752991
3462,2040,2989,0.4303670823574066
3463,2040,1333,0.4303431510925293
3464,2040,323,0.4302711486816406
3465,2040,5498,0.4302693009376526
3466,2040,1693,0.43026694655418396
3467,2040,5694,0.43023499846458435
3468,2040,4948,0.4302336573600769
3469,2040,786,0.4301481544971466
3470,2040,468,0.43013033270835876
3471,2040,4778,0.4300926923751831
3472,2040,5787,0.43005281686782837
3473,2040,5259,0.4300215244293213
3474,2040,5292,0.4299979507923126
3475,2040,3659,0.42993393540382385
3476,2040,3487,0.42993244528770447
3477,2040,4296,0.42991459369659424
3478,2040,2879,0.42989441752433777
3479,2040,243,0.42986005544662476
3480,2040,3881,0.4298524260520935
3481,2040,810,0.429850310087204
3482,2040,3223,0.42978549003601074
3483,2040,3409,0.4297037124633789
3484,2040,3577,0.4295713007450104
3485,2040,2650,0.4294995367527008
3486,2040,2145,0.4294297397136688
3487,2040,3628,0.4294094443321228
3488,2040,3213,0.42936453223228455
3489,2040,6083,0.4293137788772583
3490,2040,3427,0.4292352497577667
3491,2040,5960,0.4291820526123047
3492,2040,3413,0.4291638433933258
3493,2040,1682,0.4291611909866333
3494,2040,3883,0.4291474521160126
3495,2040,4580,0.42913806438446045
3496,2040,773,0.42908626794815063
3497,2040,1585,0.4290466606616974
3498,2040,5385,0.42904019355773926
3499,2040,5197,0.4290390610694885
3500,2040,3899,0.4290076494216919
3501,2040,4233,0.42892178893089294
3502,2040,763,0.42891553044319153
3503,2040,4050,0.4289131760597229
3504,2040,774,0.4288979470729828
3505,2040,6021,0.4288972020149231
3506,2040,5771,0.42884841561317444
3507,2040,5971,0.42881476879119873
3508,2040,1905,0.4287756383419037
3509,2040,1814,0.4287291169166565
3510,2040,1478,0.42869284749031067
3511,2040,3477,0.42869073152542114
3512,2040,2484,0.42868876457214355
3513,2040,3836,0.428647518157959
3514,2040,2067,0.4286072552204132
3515,2040,1569,0.42856135964393616
3516,2040,5390,0.4284879267215729
3517,2040,4820,0.42847201228141785
3518,2040,5952,0.42842715978622437
3519,2040,3234,0.42842498421669006
3520,2040,249,0.4284135103225708
3521,2040,1650,0.4283076524734497
3522,2040,1680,0.428277850151062
3523,2040,1793,0.4282529950141907
3524,2040,5289,0.4282233715057373
3525,2040,3165,0.42821457982063293
3526,2040,4406,0.4282136857509613
3527,2040,3438,0.42809242010116577
3528,2040,618,0.42804402112960815
3529,2040,2052,0.4280419647693634
3530,2040,237,0.4279034435749054
3531,2040,216,0.4278721511363983
3532,2040,6147,0.4278542101383209
3533,2040,1467,0.4278411269187927
3534,2040,6355,0.4278283417224884
3535,2040,2678,0.4278017580509186
3536,2040,2528,0.427765816450119
3537,2040,4131,0.4277400076389313
3538,2040,6285,0.42773228883743286
3539,2040,5050,0.42767593264579773
3540,2040,421,0.42765721678733826
3541,2040,6185,0.42762142419815063
3542,2040,2900,0.42755618691444397
3543,2040,4886,0.4274965822696686
3544,2040,3975,0.4274594783782959
3545,2040,1052,0.4274546802043915
3546,2040,1475,0.4274492561817169
3547,2040,4215,0.42744430899620056
3548,2040,2619,0.4273958206176758
3549,2040,2710,0.42739206552505493
3550,2040,1206,0.42738664150238037
3551,2040,2800,0.42736759781837463
3552,2040,3202,0.42736726999282837
3553,2040,5622,0.42733606696128845
3554,2040,4702,0.42731407284736633
3555,2040,592,0.4273032248020172
3556,2040,5006,0.42724770307540894
3557,2040,314,0.42724040150642395
3558,2040,3862,0.42723900079727173
3559,2040,6358,0.4271608591079712
3560,2040,3064,0.4271574914455414
3561,2040,2337,0.427141934633255
3562,2040,4988,0.42713189125061035
3563,2040,871,0.42708107829093933
3564,2040,1135,0.42707574367523193
3565,2040,5068,0.42700353264808655
3566,2040,3583,0.42695581912994385
3567,2040,4197,0.4269424378871918
3568,2040,4247,0.42691653966903687
3569,2040,3706,0.4268566966056824
3570,2040,1234,0.4268101751804352
3571,2040,5488,0.42678046226501465
3572,2040,3137,0.4267784059047699
3573,2040,3604,0.42675042152404785
3574,2040,1930,0.4267360270023346
3575,2040,6206,0.42662760615348816
3576,2040,5639,0.4266155958175659
3577,2040,271,0.4265978932380676
3578,2040,5114,0.42657214403152466
3579,2040,4985,0.4265628457069397
3580,2040,557,0.426558256149292
3581,2040,2748,0.42655083537101746
3582,2040,2885,0.4265206456184387
3583,2040,5221,0.4265078604221344
3584,2040,3346,0.42648008465766907
3585,2040,6376,0.4264490008354187
3586,2040,6357,0.42637717723846436
3587,2040,1560,0.4263302981853485
3588,2040,5134,0.42628157138824463
3589,2040,1973,0.42627546191215515
3590,2040,6244,0.42625051736831665
3591,2040,502,0.426237016916275
3592,2040,1313,0.42618727684020996
3593,2040,3194,0.4261448085308075
3594,2040,3311,0.4261385500431061
3595,2040,4386,0.426062673330307
3596,2040,5485,0.42606088519096375
3597,2040,1781,0.42605847120285034
3598,2040,3612,0.4260525107383728
3599,2040,2495,0.4260421395301819
3600,2040,3854,0.42599591612815857
3601,2040,1635,0.4259369969367981
3602,2040,1898,0.4259210526943207
3603,2040,5893,0.42589810490608215
3604,2040,4634,0.42589661478996277
3605,2040,3951,0.4258473515510559
3606,2040,6211,0.4258224070072174
3607,2040,5672,0.4257938861846924
3608,2040,3313,0.4257747530937195
3609,2040,3442,0.4257747530937195
3610,2040,5922,0.42575782537460327
3611,2040,3393,0.4257083535194397
3612,2040,1210,0.42569613456726074
3613,2040,3047,0.4255977272987366
3614,2040,5734,0.4255189895629883
3615,2040,3340,0.4255053699016571
3616,2040,134,0.4254899024963379
3617,2040,3472,0.4254656732082367
3618,2040,1690,0.4254554212093353
3619,2040,4464,0.42534688115119934
3620,2040,486,0.42532315850257874
3621,2040,4121,0.4252791404724121
3622,2040,128,0.42527610063552856
3623,2040,785,0.42523545026779175
3624,2040,4635,0.4251795709133148
3625,2040,3118,0.4251282513141632
3626,2040,4071,0.4251267910003662
3627,2040,648,0.425117164850235
3628,2040,1424,0.42510953545570374
3629,2040,4848,0.4250955879688263
3630,2040,2770,0.425003319978714
3631,2040,3481,0.4250001609325409
3632,2040,3215,0.4249567985534668
3633,2040,4079,0.42494964599609375
3634,2040,194,0.42494890093803406
3635,2040,2276,0.42494603991508484
3636,2040,3627,0.4249410033226013
3637,2040,3762,0.4249228239059448
3638,2040,3747,0.4248412251472473
3639,2040,3735,0.42483577132225037
3640,2040,156,0.42483294010162354
3641,2040,178,0.42481860518455505
3642,2040,2426,0.42480435967445374
3643,2040,3912,0.42477500438690186
3644,2040,5251,0.4247717261314392
3645,2040,4658,0.42470604181289673
3646,2040,6351,0.42468151450157166
3647,2040,5892,0.4246753454208374
3648,2040,2857,0.4246171712875366
3649,2040,1660,0.42460396885871887
3650,2040,1235,0.4245666563510895
3651,2040,1433,0.4244858920574188
3652,2040,1186,0.42448365688323975
3653,2040,5716,0.42445817589759827
3654,2040,3504,0.4244440197944641
3655,2040,4662,0.424426406621933
3656,2040,3039,0.42441973090171814
3657,2040,3129,0.4243798553943634
3658,2040,1637,0.4243716299533844
3659,2040,4479,0.42435961961746216
3660,2040,3158,0.42433467507362366
3661,2040,5407,0.4243262708187103
3662,2040,198,0.4243035912513733
3663,2040,962,0.42429113388061523
3664,2040,4621,0.4242750108242035
3665,2040,47,0.4242735207080841
3666,2040,5944,0.4242704510688782
3667,2040,1300,0.4242527484893799
3668,2040,4983,0.4241963326931
3669,2040,5411,0.4241112470626831
3670,2040,2375,0.42410773038864136
3671,2040,536,0.4241052567958832
3672,2040,2596,0.4240637719631195
3673,2040,1455,0.4240465462207794
3674,2040,373,0.42404040694236755
3675,2040,5,0.4240356683731079
3676,2040,755,0.4240233898162842
3677,2040,2191,0.4240182638168335
3678,2040,5648,0.4240177869796753
3679,2040,2287,0.4240003526210785
3680,2040,5725,0.42393970489501953
3681,2040,5577,0.423906147480011
3682,2040,3884,0.4238630533218384
3683,2040,234,0.4238106608390808
3684,2040,3610,0.4237629473209381
3685,2040,357,0.42375946044921875
3686,2040,4761,0.4237194061279297
3687,2040,5584,0.42369839549064636
3688,2040,2323,0.4236941337585449
3689,2040,203,0.42365309596061707
3690,2040,3309,0.42362311482429504
3691,2040,3106,0.42362308502197266
3692,2040,5186,0.42357146739959717
3693,2040,458,0.42356154322624207
3694,2040,6298,0.4235565960407257
3695,2040,1642,0.42354679107666016
3696,2040,3506,0.4235400855541229
3697,2040,3499,0.4235019087791443
3698,2040,6395,0.4234977960586548
3699,2040,3500,0.4234803318977356
3700,2040,1776,0.42347925901412964
3701,2040,2593,0.4234732389450073
3702,2040,823,0.42345932126045227
3703,2040,4199,0.4234330654144287
3704,2040,5382,0.42342323064804077
3705,2040,4841,0.42338573932647705
3706,2040,644,0.4233613908290863
3707,2040,1349,0.42329832911491394
3708,2040,3369,0.42329108715057373
3709,2040,1945,0.42326730489730835
3710,2040,3484,0.42326509952545166
3711,2040,4779,0.4232156276702881
3712,2040,4276,0.42313188314437866
3713,2040,2746,0.42305877804756165
3714,2040,5697,0.42304348945617676
3715,2040,3290,0.4229489862918854
3716,2040,5825,0.4229419529438019
3717,2040,5856,0.42293742299079895
3718,2040,1548,0.4228820204734802
3719,2040,4342,0.42284855246543884
3720,2040,3172,0.4228118658065796
3721,2040,2273,0.4228057563304901
3722,2040,4745,0.4227742552757263
3723,2040,277,0.42276832461357117
3724,2040,5813,0.422745943069458
3725,2040,3414,0.42273902893066406
3726,2040,4534,0.4227255880832672
3727,2040,3832,0.4227173924446106
3728,2040,4274,0.42270636558532715
3729,2040,300,0.4226832091808319
3730,2040,5194,0.42263442277908325
3731,2040,508,0.42260462045669556
3732,2040,5928,0.4225984513759613
3733,2040,3098,0.422582745552063
3734,2040,5148,0.42256999015808105
3735,2040,1453,0.42254695296287537
3736,2040,1520,0.4225461781024933
3737,2040,4277,0.4225349426269531
3738,2040,1543,0.42252999544143677
3739,2040,3608,0.4224993884563446
3740,2040,5820,0.4224894344806671
3741,2040,4463,0.4224845767021179
3742,2040,5751,0.4223385453224182
3743,2040,5975,0.4223337471485138
3744,2040,1006,0.42227834463119507
3745,2040,4004,0.4222767651081085
3746,2040,2717,0.4222373068332672
3747,2040,5904,0.4222315847873688
3748,2040,4776,0.4222058951854706
3749,2040,4515,0.42218270897865295
3750,2040,4287,0.4221816062927246
3751,2040,3987,0.4221654534339905
3752,2040,226,0.42211541533470154
3753,2040,4469,0.42209750413894653
3754,2040,6140,0.42209288477897644
3755,2040,2137,0.4219827651977539
3756,2040,6324,0.4219692051410675
3757,2040,1161,0.4219454526901245
3758,2040,5949,0.42184746265411377
3759,2040,2960,0.42183563113212585
3760,2040,1078,0.4218222498893738
3761,2040,1346,0.42180532217025757
3762,2040,506,0.42180439829826355
3763,2040,4620,0.4217967092990875
3764,2040,190,0.4217790365219116
3765,2040,2560,0.42177361249923706
3766,2040,5685,0.42166927456855774
3767,2040,789,0.42164215445518494
3768,2040,2935,0.4216032028198242
3769,2040,4005,0.4215901792049408
3770,2040,3654,0.42158061265945435
3771,2040,2449,0.4215511977672577
3772,2040,717,0.42152848839759827
3773,2040,2997,0.42145881056785583
3774,2040,734,0.4214443564414978
3775,2040,4972,0.42136701941490173
3776,2040,1664,0.4213007688522339
3777,2040,5145,0.42127957940101624
3778,2040,3149,0.4212760031223297
3779,2040,5800,0.42117971181869507
3780,2040,1629,0.421167254447937
3781,2040,637,0.4211595356464386
3782,2040,5386,0.42114442586898804
3783,2040,3835,0.42111513018608093
3784,2040,2254,0.4210693836212158
3785,2040,5973,0.42101386189460754
3786,2040,932,0.4210098683834076
3787,2040,4462,0.42100611329078674
3788,2040,2567,0.4209842383861542
3789,2040,283,0.42097142338752747
3790,2040,5319,0.4209492802619934
3791,2040,1425,0.4209462106227875
3792,2040,1852,0.42093294858932495
3793,2040,5568,0.42090386152267456
3794,2040,2675,0.42086946964263916
3795,2040,2984,0.4208424389362335
3796,2040,182,0.4208154082298279
3797,2040,2486,0.42079970240592957
3798,2040,730,0.42079299688339233
3799,2040,476,0.4207805097103119
3800,2040,1102,0.42075759172439575
3801,2040,4941,0.42073094844818115
3802,2040,1820,0.42069587111473083
3803,2040,2772,0.4206452965736389
3804,2040,3720,0.42063403129577637
3805,2040,4667,0.420616090297699
3806,2040,5471,0.4206032156944275
3807,2040,1103,0.42059239745140076
3808,2040,6314,0.42058706283569336
3809,2040,2668,0.4205753803253174
3810,2040,5997,0.4205645024776459
3811,2040,2304,0.4205324053764343
3812,2040,1063,0.42051002383232117
3813,2040,3468,0.4204680323600769
3814,2040,5384,0.420419842004776
3815,2040,3704,0.4203629493713379
3816,2040,1547,0.4203037917613983
3817,2040,1187,0.4203013479709625
3818,2040,4122,0.4202806055545807
3819,2040,1671,0.4202679395675659
3820,2040,657,0.42025989294052124
3821,2040,436,0.4201769232749939
3822,2040,3707,0.4201301038265228
3823,2040,5647,0.4200310707092285
3824,2040,635,0.42000702023506165
3825,2040,6130,0.4198678731918335
3826,2040,2451,0.41986188292503357
3827,2040,308,0.4198131263256073
3828,2040,5364,0.41977760195732117
3829,2040,845,0.41975778341293335
3830,2040,3587,0.41973674297332764
3831,2040,828,0.41973429918289185
3832,2040,3611,0.41972866654396057
3833,2040,3260,0.41967907547950745
3834,2040,3759,0.41965964436531067
3835,2040,2415,0.41965872049331665
3836,2040,2404,0.4196266233921051
3837,2040,1067,0.41958409547805786
3838,2040,5218,0.4195660650730133
3839,2040,3643,0.41949954628944397
3840,2040,3607,0.419498473405838
3841,2040,6230,0.4194759428501129
3842,2040,2398,0.41947489976882935
3843,2040,339,0.4193648099899292
3844,2040,4531,0.4192442297935486
3845,2040,5373,0.41922178864479065
3846,2040,1037,0.4191870391368866
3847,2040,1974,0.41917943954467773
3848,2040,5299,0.41917648911476135
3849,2040,1154,0.4191027879714966
3850,2040,5374,0.419060081243515
3851,2040,2693,0.41903194785118103
3852,2040,1104,0.4190024733543396
3853,2040,2734,0.4190010130405426
3854,2040,4922,0.41896048188209534
3855,2040,512,0.4188872277736664
3856,2040,5354,0.4187692701816559
3857,2040,4120,0.41876721382141113
3858,2040,1516,0.41874775290489197
3859,2040,5143,0.4186711013317108
3860,2040,767,0.418571412563324
3861,2040,5731,0.4185449779033661
3862,2040,5880,0.41854190826416016
3863,2040,594,0.4184521436691284
3864,2040,2422,0.4184141755104065
3865,2040,5346,0.41840940713882446
3866,2040,5437,0.4184064269065857
3867,2040,3014,0.41830477118492126
3868,2040,3875,0.4182682931423187
3869,2040,538,0.4182593524456024
3870,2040,391,0.4182016849517822
3871,2040,304,0.4180443584918976
3872,2040,3304,0.4179835915565491
3873,2040,2243,0.41798287630081177
3874,2040,6123,0.4179585874080658
3875,2040,2234,0.4179511070251465
3876,2040,3009,0.4179026186466217
3877,2040,6400,0.4178723990917206
3878,2040,3074,0.41775524616241455
3879,2040,1899,0.4177505671977997
3880,2040,3674,0.41774266958236694
3881,2040,5416,0.4177232086658478
3882,2040,2511,0.4177049398422241
3883,2040,4919,0.41766366362571716
3884,2040,113,0.4176061451435089
3885,2040,5493,0.4175439774990082
3886,2040,2684,0.41754060983657837
3887,2040,2397,0.41738203167915344
3888,2040,3159,0.41734129190444946
3889,2040,1958,0.41730213165283203
3890,2040,4019,0.4172920286655426
3891,2040,5433,0.4172680675983429
3892,2040,4815,0.4172435402870178
3893,2040,5614,0.417228639125824
3894,2040,4728,0.4171783924102783
3895,2040,5594,0.4171132743358612
3896,2040,5676,0.41706177592277527
3897,2040,2649,0.41701680421829224
3898,2040,1048,0.4170031249523163
3899,2040,5012,0.4169696867465973
3900,2040,3790,0.4169687032699585
3901,2040,1452,0.41689711809158325
3902,2040,5977,0.4168213903903961
3903,2040,5337,0.4167410731315613
3904,2040,4939,0.41672375798225403
3905,2040,4438,0.4166930317878723
3906,2040,5597,0.41667523980140686
3907,2040,6267,0.4166521430015564
3908,2040,3574,0.41663047671318054
3909,2040,2054,0.41653013229370117
3910,2040,6077,0.4164944887161255
3911,2040,3371,0.4164833426475525
3912,2040,118,0.4164826273918152
3913,2040,1111,0.41644394397735596
3914,2040,85,0.41642868518829346
3915,2040,2471,0.4164280593395233
3916,2040,4112,0.4164217710494995
3917,2040,900,0.41623109579086304
3918,2040,4676,0.4162183701992035
3919,2040,5587,0.41620028018951416
3920,2040,4014,0.41619235277175903
3921,2040,2503,0.4161582887172699
3922,2040,4426,0.41614869236946106
3923,2040,5487,0.4161103069782257
3924,2040,3523,0.41606396436691284
3925,2040,3728,0.4160260856151581
3926,2040,5707,0.41602444648742676
3927,2040,1435,0.4160043001174927
3928,2040,3025,0.4159562289714813
3929,2040,6118,0.41589078307151794
3930,2040,3548,0.4158770740032196
3931,2040,1477,0.41581258177757263
3932,2040,6035,0.41580677032470703
3933,2040,3459,0.41579118371009827
3934,2040,878,0.4157524108886719
3935,2040,5158,0.4157470762729645
3936,2040,3534,0.41569116711616516
3937,2040,1908,0.4156910181045532
3938,2040,3874,0.4156520366668701
3939,2040,799,0.4156492054462433
3940,2040,723,0.41562584042549133
3941,2040,3620,0.41561657190322876
3942,2040,575,0.4155985713005066
3943,2040,4764,0.41556891798973083
3944,2040,3044,0.4155675768852234
3945,2040,3816,0.4154944121837616
3946,2040,6317,0.41547760367393494
3947,2040,181,0.4154737889766693
3948,2040,1107,0.41544708609580994
3949,2040,1004,0.41542917490005493
3950,2040,3081,0.4153822064399719
3951,2040,3007,0.4153757691383362
3952,2040,658,0.41536980867385864
3953,2040,2698,0.41536736488342285
3954,2040,4703,0.4152960777282715
3955,2040,2032,0.4152897596359253
3956,2040,5069,0.41525280475616455
3957,2040,404,0.4152107834815979
3958,2040,6020,0.4151920676231384
3959,2040,4334,0.415108859539032
3960,2040,161,0.4151013195514679
3961,2040,6115,0.4150896966457367
3962,2040,413,0.4150705933570862
3963,2040,337,0.4150693416595459
3964,2040,6069,0.415019690990448
3965,2040,671,0.41501715779304504
3966,2040,3196,0.415016233921051
3967,2040,2025,0.41494056582450867
3968,2040,3568,0.41492852568626404
3969,2040,5405,0.4148765802383423
3970,2040,5244,0.414876252412796
3971,2040,669,0.4148348271846771
3972,2040,3122,0.4147973656654358
3973,2040,3389,0.4147457182407379
3974,2040,5191,0.4147198498249054
3975,2040,4556,0.4147178530693054
3976,2040,1490,0.4145636260509491
3977,2040,3751,0.41445809602737427
3978,2040,4599,0.4144454300403595
3979,2040,3903,0.41444531083106995
3980,2040,2664,0.41434696316719055
3981,2040,65,0.4143312871456146
3982,2040,2802,0.41428184509277344
3983,2040,6152,0.41423988342285156
3984,2040,2123,0.4141712486743927
3985,2040,2878,0.4140819013118744
3986,2040,1446,0.41402164101600647
3987,2040,176,0.4139920771121979
3988,2040,2230,0.4139462113380432
3989,2040,6194,0.41394472122192383
3990,2040,5615,0.41387808322906494
3991,2040,492,0.41387173533439636
3992,2040,2662,0.41386163234710693
3993,2040,5034,0.4138549268245697
3994,2040,5104,0.4138360917568207
3995,2040,5638,0.4138067662715912
3996,2040,879,0.4137979745864868
3997,2040,452,0.41378670930862427
3998,2040,4175,0.41366615891456604
3999,2040,5152,0.413656085729599
4000,2040,320,0.41358858346939087
4001,2040,2515,0.41357386112213135
4002,2040,5132,0.4135706424713135
4003,2040,2820,0.41353902220726013
4004,2040,39,0.41350242495536804
4005,2040,1046,0.41340598464012146
4006,2040,1888,0.4132790267467499
4007,2040,2904,0.4132717549800873
4008,2040,4574,0.4132350981235504
4009,2040,2083,0.4131758511066437
4010,2040,4343,0.4131697416305542
4011,2040,2957,0.41316691040992737
4012,2040,4769,0.4131633937358856
4013,2040,5443,0.4131605923175812
4014,2040,2749,0.4131026566028595
4015,2040,2363,0.4130977392196655
4016,2040,3322,0.41298922896385193
4017,2040,2837,0.4129877984523773
4018,2040,4550,0.4129750728607178
4019,2040,4157,0.412971168756485
4020,2040,324,0.4129540026187897
4021,2040,3385,0.4129261076450348
4022,2040,4357,0.4129255712032318
4023,2040,40,0.4128623306751251
4024,2040,3819,0.41285789012908936
4025,2040,6131,0.41285762190818787
4026,2040,1618,0.41283202171325684
4027,2040,2660,0.41281118988990784
4028,2040,1557,0.41280603408813477
4029,2040,1375,0.41268882155418396
4030,2040,5183,0.4126759171485901
4031,2040,852,0.41264608502388
4032,2040,4834,0.412555992603302
4033,2040,307,0.4124574661254883
4034,2040,4712,0.4124257564544678
4035,2040,1156,0.41242486238479614
4036,2040,340,0.41241350769996643
4037,2040,152,0.4123985469341278
4038,2040,4731,0.412367045879364
4039,2040,5352,0.41235461831092834
4040,2040,2178,0.4122436046600342
4041,2040,6274,0.412218302488327
4042,2040,1849,0.41221317648887634
4043,2040,2006,0.41221317648887634
4044,2040,4002,0.41219308972358704
4045,2040,2439,0.4121595025062561
4046,2040,5256,0.4121440351009369
4047,2040,3786,0.4120679497718811
4048,2040,990,0.4120636284351349
4049,2040,4683,0.4120611548423767
4050,2040,5857,0.4120587110519409
4051,2040,1458,0.41203904151916504
4052,2040,690,0.41198453307151794
4053,2040,5579,0.4119832515716553
4054,2040,561,0.41188451647758484
4055,2040,801,0.41183117032051086
4056,2040,459,0.4118269681930542
4057,2040,5832,0.411688894033432
4058,2040,649,0.4116608798503876
4059,2040,3015,0.41165226697921753
4060,2040,3153,0.4115816354751587
4061,2040,2456,0.41147580742836
4062,2040,77,0.4114709794521332
4063,2040,3549,0.41143640875816345
4064,2040,4871,0.41132256388664246
4065,2040,382,0.4112759828567505
4066,2040,2016,0.41125965118408203
4067,2040,2293,0.4112323522567749
4068,2040,2331,0.4111748933792114
4069,2040,6029,0.4111441373825073
4070,2040,5664,0.41110825538635254
4071,2040,3902,0.4110865294933319
4072,2040,646,0.4110531508922577
4073,2040,1952,0.41104090213775635
4074,2040,2897,0.41103246808052063
4075,2040,4279,0.41101011633872986
4076,2040,3403,0.41100671887397766
4077,2040,4664,0.41098666191101074
4078,2040,3259,0.4108458459377289
4079,2040,5394,0.41081711649894714
4080,2040,5077,0.4107852578163147
4081,2040,1314,0.41074642539024353
4082,2040,6353,0.41073548793792725
4083,2040,1860,0.4106987714767456
4084,2040,4508,0.4106643795967102
4085,2040,3697,0.41056397557258606
4086,2040,2092,0.4105512201786041
4087,2040,2364,0.4104054868221283
4088,2040,4559,0.4103941321372986
4089,2040,211,0.4103759825229645
4090,2040,4585,0.41035979986190796
4091,2040,2883,0.4103027880191803
4092,2040,364,0.410251259803772
4093,2040,4768,0.41024938225746155
4094,2040,3908,0.4101293981075287
4095,2040,4524,0.4100901186466217
4096,2040,2005,0.4100814759731293
4097,2040,1454,0.4100324809551239
4098,2040,5483,0.40998947620391846
4099,2040,3166,0.40997549891471863
4100,2040,4322,0.4098696708679199
4101,2040,902,0.4098040461540222
4102,2040,1597,0.4098036587238312
4103,2040,1921,0.40966707468032837
4104,2040,69,0.40957722067832947
4105,2040,3042,0.4093919098377228
4106,2040,5357,0.40938928723335266
4107,2040,2681,0.40935927629470825
4108,2040,8,0.40935176610946655
4109,2040,3320,0.4092790484428406
4110,2040,4984,0.4092322289943695
4111,2040,3730,0.4092302918434143
4112,2040,1305,0.4092176556587219
4113,2040,2250,0.4091893434524536
4114,2040,5537,0.4091613292694092
4115,2040,5681,0.40913286805152893
4116,2040,6391,0.40913015604019165
4117,2040,5190,0.4091300964355469
4118,2040,3991,0.40912818908691406
4119,2040,577,0.4091273248195648
4120,2040,5125,0.409096360206604
4121,2040,5669,0.40909543633461
4122,2040,3028,0.409089595079422
4123,2040,1062,0.4090270400047302
4124,2040,2697,0.40900078415870667
4125,2040,3708,0.40899500250816345
4126,2040,1069,0.4089907705783844
4127,2040,4958,0.408972829580307
4128,2040,3736,0.40895453095436096
4129,2040,4894,0.40890640020370483
4130,2040,1369,0.40888774394989014
4131,2040,1120,0.4088802933692932
4132,2040,5222,0.4087578356266022
4133,2040,2275,0.40875619649887085
4134,2040,132,0.4087114632129669
4135,2040,3127,0.4086834192276001
4136,2040,2921,0.4086831212043762
4137,2040,4495,0.4086731970310211
4138,2040,2760,0.4086499512195587
4139,2040,2793,0.40857401490211487
4140,2040,5718,0.4085131585597992
4141,2040,1808,0.4084559381008148
4142,2040,2716,0.408418208360672
4143,2040,3501,0.4083940088748932
4144,2040,2751,0.40838077664375305
4145,2040,1489,0.4083525538444519
4146,2040,3746,0.4082997441291809
4147,2040,3800,0.4082839787006378
4148,2040,3265,0.40816664695739746
4149,2040,2952,0.40813568234443665
4150,2040,3482,0.40806183218955994
4151,2040,1528,0.4080527126789093
4152,2040,5280,0.4080455005168915
4153,2040,3619,0.4079791009426117
4154,2040,1428,0.407890647649765
4155,2040,5842,0.40788695216178894
4156,2040,4698,0.40787509083747864
4157,2040,522,0.4078233540058136
4158,2040,4774,0.4078049659729004
4159,2040,2298,0.4077549874782562
4160,2040,3286,0.4076983630657196
4161,2040,100,0.40768349170684814
4162,2040,5744,0.40768101811408997
4163,2040,1698,0.40762898325920105
4164,2040,3030,0.4075585901737213
4165,2040,3073,0.4075511693954468
4166,2040,191,0.40752890706062317
4167,2040,4308,0.40742388367652893
4168,2040,5591,0.407416433095932
4169,2040,775,0.4073982536792755
4170,2040,3842,0.4073467552661896
4171,2040,1045,0.4072616398334503
4172,2040,3691,0.4071577489376068
4173,2040,3451,0.4071217477321625
4174,2040,6237,0.4070877134799957
4175,2040,1158,0.40707650780677795
4176,2040,4358,0.40706881880760193
4177,2040,3925,0.4070606231689453
4178,2040,1842,0.4070581793785095
4179,2040,4499,0.4069957435131073
4180,2040,3366,0.40699243545532227
4181,2040,3716,0.4069841802120209
4182,2040,2887,0.4069603383541107
4183,2040,4054,0.40689995884895325
4184,2040,2686,0.40689516067504883
4185,2040,3157,0.4068138599395752
4186,2040,2733,0.40680426359176636
4187,2040,5369,0.40679582953453064
4188,2040,5070,0.4066610336303711
4189,2040,4999,0.40664729475975037
4190,2040,1603,0.4066416919231415
4191,2040,1634,0.4066072106361389
4192,2040,5272,0.406570702791214
4193,2040,419,0.4065667390823364
4194,2040,5917,0.406561017036438
4195,2040,3447,0.4065343141555786
4196,2040,3321,0.406462162733078
4197,2040,4331,0.40638279914855957
4198,2040,55,0.4063505530357361
4199,2040,5470,0.4063292443752289
4200,2040,2696,0.4062983989715576
4201,2040,2981,0.4062919020652771
4202,2040,2109,0.4062839448451996
4203,2040,9,0.4062668979167938
4204,2040,5643,0.4062623083591461
4205,2040,1761,0.4062311351299286
4206,2040,5838,0.40622320771217346
4207,2040,3494,0.4062131345272064
4208,2040,2721,0.40620866417884827
4209,2040,2155,0.4062022864818573
4210,2040,1315,0.40616369247436523
4211,2040,2965,0.40615811944007874
4212,2040,474,0.4061281681060791
4213,2040,5380,0.4061281681060791
4214,2040,1017,0.40604400634765625
4215,2040,6004,0.4059949219226837
4216,2040,905,0.4059354066848755
4217,2040,837,0.4059239625930786
4218,2040,4631,0.4059159457683563
4219,2040,5793,0.4058642089366913
4220,2040,1821,0.40584641695022583
4221,2040,3087,0.40583351254463196
4222,2040,5972,0.40582039952278137
4223,2040,850,0.4058140814304352
4224,2040,4040,0.4057888388633728
4225,2040,514,0.4057805836200714
4226,2040,3384,0.4057777225971222
4227,2040,4214,0.40573781728744507
4228,2040,5563,0.4057290554046631
4229,2040,1225,0.405725359916687
4230,2040,1818,0.40571653842926025
4231,2040,2587,0.4056605398654938
4232,2040,3264,0.4056445360183716
4233,2040,62,0.4056379795074463
4234,2040,2723,0.40560367703437805
4235,2040,1297,0.40559035539627075
4236,2040,4321,0.4055514335632324
4237,2040,3275,0.4055021405220032
4238,2040,336,0.40546759963035583
4239,2040,1415,0.40542128682136536
4240,2040,251,0.4054092764854431
4241,2040,3834,0.40533968806266785
4242,2040,1923,0.4053325355052948
4243,2040,2182,0.40532976388931274
4244,2040,1515,0.4053112268447876
4245,2040,6142,0.40530744194984436
4246,2040,80,0.4052760601043701
4247,2040,509,0.4052145481109619
4248,2040,607,0.4052126705646515
4249,2040,5476,0.4051773250102997
4250,2040,4809,0.4051447808742523
4251,2040,6216,0.4050813317298889
4252,2040,2347,0.4050305187702179
4253,2040,4207,0.40500497817993164
4254,2040,188,0.40496736764907837
4255,2040,2836,0.4049658179283142
4256,2040,623,0.40495628118515015
4257,2040,2002,0.4049205482006073
4258,2040,1171,0.4048515558242798
4259,2040,911,0.4047107994556427
4260,2040,3150,0.4046884775161743
4261,2040,240,0.40468645095825195
4262,2040,5316,0.404597669839859
4263,2040,3631,0.4045911133289337
4264,2040,5035,0.4045902490615845
4265,2040,3282,0.40454164147377014
4266,2040,926,0.40451565384864807
4267,2040,5442,0.40447568893432617
4268,2040,6180,0.4044491946697235
4269,2040,2406,0.40440720319747925
4270,2040,3336,0.40439000725746155
4271,2040,5326,0.4042985439300537
4272,2040,5918,0.40428879857063293
4273,2040,6215,0.4042752683162689
4274,2040,2674,0.4042615592479706
4275,2040,5964,0.40423834323883057
4276,2040,3866,0.4042113721370697
4277,2040,5688,0.404203861951828
4278,2040,3733,0.4041978716850281
4279,2040,2524,0.40418145060539246
4280,2040,2992,0.4040132462978363
4281,2040,2578,0.40393880009651184
4282,2040,846,0.40391087532043457
4283,2040,3448,0.4039081037044525
4284,2040,1632,0.40390169620513916
4285,2040,437,0.4037986695766449
4286,2040,3825,0.4037959575653076
4287,2040,4982,0.40372586250305176
4288,2040,4673,0.4037187993526459
4289,2040,1285,0.4037002921104431
4290,2040,3688,0.403676837682724
4291,2040,5249,0.4035872220993042
4292,2040,2795,0.4035291075706482
4293,2040,1568,0.4034997820854187
4294,2040,5919,0.4034738540649414
4295,2040,5623,0.40344417095184326
4296,2040,3960,0.40344104170799255
4297,2040,4372,0.40339940786361694
4298,2040,5872,0.40336623787879944
4299,2040,4802,0.40329796075820923
4300,2040,1357,0.4032657742500305
4301,2040,2046,0.4032497704029083
4302,2040,3152,0.4032370448112488
4303,2040,202,0.40323546528816223
4304,2040,3423,0.403191477060318
4305,2040,4105,0.40317779779434204
4306,2040,543,0.40316304564476013
4307,2040,1529,0.4031544029712677
4308,2040,3377,0.4031153917312622
4309,2040,2861,0.4030996263027191
4310,2040,6200,0.40307629108428955
4311,2040,2215,0.40305855870246887
4312,2040,2251,0.4029468297958374
4313,2040,985,0.4029031991958618
4314,2040,4420,0.40284451842308044
4315,2040,4693,0.40274304151535034
4316,2040,4864,0.4026944637298584
4317,2040,3431,0.4026171863079071
4318,2040,3225,0.4025770127773285
4319,2040,61,0.4025658071041107
4320,2040,6005,0.4024834632873535
4321,2040,3701,0.40245020389556885
4322,2040,1057,0.4023880064487457
4323,2040,68,0.4023820459842682
4324,2040,1396,0.4023434519767761
4325,2040,3588,0.4023089110851288
4326,2040,2488,0.4023076295852661
4327,2040,5888,0.4022156298160553
4328,2040,4205,0.4021987020969391
4329,2040,3817,0.4021945297718048
4330,2040,2893,0.40218815207481384
4331,2040,397,0.40217944979667664
4332,2040,4976,0.4021596908569336
4333,2040,3981,0.4021211564540863
4334,2040,1448,0.40209949016571045
4335,2040,4377,0.40205952525138855
4336,2040,2685,0.4020307660102844
4337,2040,334,0.4018901586532593
4338,2040,2577,0.4018123149871826
4339,2040,6247,0.40175047516822815
4340,2040,3939,0.40175026655197144
4341,2040,4344,0.40169525146484375
4342,2040,4236,0.4016917645931244
4343,2040,165,0.4016822576522827
4344,2040,2629,0.4016135036945343
4345,2040,6297,0.4015110731124878
4346,2040,1399,0.4015096426010132
4347,2040,5993,0.4014991819858551
4348,2040,3000,0.4014400243759155
4349,2040,2533,0.4014383554458618
4350,2040,5790,0.4014132618904114
4351,2040,5452,0.40140900015830994
4352,2040,6201,0.40137794613838196
4353,2040,4549,0.4013740122318268
4354,2040,6293,0.4013514816761017
4355,2040,1270,0.40132036805152893
4356,2040,2653,0.40132027864456177
4357,2040,1969,0.40131208300590515
4358,2040,5397,0.40127453207969666
4359,2040,3937,0.401239812374115
4360,2040,3715,0.4011155664920807
4361,2040,6094,0.40111276507377625
4362,2040,5699,0.401091992855072
4363,2040,5465,0.4010850489139557
4364,2040,5175,0.4010810852050781
4365,2040,1669,0.4010452330112457
4366,2040,1205,0.40101855993270874
4367,2040,1033,0.4010087847709656
4368,2040,3257,0.4009726643562317
4369,2040,6186,0.4009432792663574
4370,2040,462,0.40092867612838745
4371,2040,239,0.40091896057128906
4372,2040,3324,0.4009053111076355
4373,2040,876,0.40089622139930725
4374,2040,3006,0.40085071325302124
4375,2040,2160,0.40084442496299744
4376,2040,6260,0.40081360936164856
4377,2040,1476,0.4008060395717621
4378,2040,4248,0.40074238181114197
4379,2040,1200,0.4007108211517334
4380,2040,1796,0.40070024132728577
4381,2040,6304,0.4006885886192322
4382,2040,5702,0.4006876051425934
4383,2040,1392,0.400677353143692
4384,2040,4238,0.4005998373031616
4385,2040,640,0.40055033564567566
4386,2040,3802,0.4004690647125244
4387,2040,3383,0.4004688560962677
4388,2040,3634,0.4004535973072052
4389,2040,4064,0.40039438009262085
4390,2040,1856,0.4002959132194519
4391,2040,6075,0.40028315782546997
4392,2040,91,0.4002823531627655
4393,2040,286,0.40026354789733887
4394,2040,918,0.40024834871292114
4395,2040,1758,0.400230348110199
4396,2040,3078,0.40021049976348877
4397,2040,3206,0.40018990635871887
4398,2040,5335,0.4001379609107971
4399,2040,2624,0.40013599395751953
4400,2040,4219,0.4000885784626007
4401,2040,3406,0.4000736176967621
4402,2040,5215,0.40004462003707886
4403,2040,3352,0.399977445602417
4404,2040,5761,0.3999013900756836
4405,2040,2262,0.3998711407184601
4406,2040,1299,0.39975613355636597
4407,2040,655,0.3997463285923004
4408,2040,5387,0.39968833327293396
4409,2040,2267,0.39967331290245056
4410,2040,4642,0.3995955288410187
4411,2040,5073,0.3995743691921234
4412,2040,3793,0.3995142877101898
4413,2040,936,0.39948582649230957
4414,2040,2255,0.39945051074028015
4415,2040,37,0.3993057906627655
4416,2040,3338,0.39928343892097473
4417,2040,5530,0.3992353677749634
4418,2040,1247,0.3992249369621277
4419,2040,1218,0.3991301655769348
4420,2040,3623,0.399116188287735
4421,2040,4700,0.39911091327667236
4422,2040,3256,0.39905527234077454
4423,2040,2894,0.39905402064323425
4424,2040,3488,0.3989406228065491
4425,2040,3984,0.3989228904247284
4426,2040,3972,0.3987971842288971
4427,2040,3230,0.3987902104854584
4428,2040,1652,0.39867454767227173
4429,2040,3273,0.39865413308143616
4430,2040,3245,0.3985837399959564
4431,2040,2806,0.39856988191604614
4432,2040,2509,0.3985670506954193
4433,2040,3283,0.3985438644886017
4434,2040,3246,0.3985401690006256
4435,2040,3378,0.39844682812690735
4436,2040,2726,0.39844194054603577
4437,2040,2779,0.3984419107437134
4438,2040,3011,0.3984345495700836
4439,2040,3046,0.39830130338668823
4440,2040,2278,0.39829325675964355
4441,2040,1968,0.3982734680175781
4442,2040,3021,0.398228257894516
4443,2040,5294,0.3982144594192505
4444,2040,2672,0.3981246054172516
4445,2040,4944,0.398099809885025
4446,2040,4644,0.39808815717697144
4447,2040,5629,0.39806482195854187
4448,2040,6015,0.3980621099472046
4449,2040,5887,0.39806002378463745
4450,2040,1402,0.39802443981170654
4451,2040,6164,0.3979804515838623
4452,2040,2680,0.39790910482406616
4453,2040,4739,0.3978727161884308
4454,2040,2598,0.39779534935951233
4455,2040,4514,0.39778345823287964
4456,2040,1160,0.3977442681789398
4457,2040,432,0.3977424204349518
4458,2040,641,0.3977404236793518
4459,2040,1085,0.39768725633621216
4460,2040,3571,0.39765459299087524
4461,2040,4367,0.397629052400589
4462,2040,1414,0.39759528636932373
4463,2040,3953,0.3975483477115631
4464,2040,4816,0.3975343406200409
4465,2040,2840,0.39750176668167114
4466,2040,5826,0.3974929451942444
4467,2040,1695,0.39744824171066284
4468,2040,2551,0.39744290709495544
4469,2040,3810,0.39741945266723633
4470,2040,1961,0.39734745025634766
4471,2040,2177,0.39734745025634766
4472,2040,4244,0.3973110020160675
4473,2040,4086,0.3972260653972626
4474,2040,6007,0.3972017467021942
4475,2040,4895,0.39716559648513794
4476,2040,57,0.3971635401248932
4477,2040,6187,0.3971599042415619
4478,2040,5805,0.3971491754055023
4479,2040,479,0.39714792370796204
4480,2040,803,0.3971032500267029
4481,2040,5891,0.39706915616989136
4482,2040,5439,0.3970617949962616
4483,2040,380,0.3970513939857483
4484,2040,3806,0.39691343903541565
4485,2040,3330,0.3968726098537445
4486,2040,6349,0.3967762589454651
4487,2040,5224,0.3967682719230652
4488,2040,1269,0.3967650830745697
4489,2040,1699,0.39663633704185486
4490,2040,4178,0.39660224318504333
4491,2040,5042,0.3965887129306793
4492,2040,6252,0.39658671617507935
4493,2040,163,0.39658060669898987
4494,2040,3710,0.39657890796661377
4495,2040,3869,0.3965438902378082
4496,2040,3821,0.3965438902378082
4497,2040,5250,0.3964439928531647
4498,2040,2538,0.3964287340641022
4499,2040,794,0.39640557765960693
4500,2040,6266,0.3963579535484314
4501,2040,2807,0.3963434398174286
4502,2040,1196,0.3962438702583313
4503,2040,25,0.3961072862148285
4504,2040,2361,0.3960946500301361
4505,2040,1265,0.39606773853302
4506,2040,1512,0.3960596024990082
4507,2040,2557,0.39605042338371277
4508,2040,4980,0.3960249125957489
4509,2040,3312,0.396005243062973
4510,2040,5181,0.3959493339061737
4511,2040,107,0.39594897627830505
4512,2040,1559,0.3959398865699768
4513,2040,3839,0.39589715003967285
4514,2040,1457,0.39584773778915405
4515,2040,4536,0.39582398533821106
4516,2040,4998,0.3958158493041992
4517,2040,3995,0.39580464363098145
4518,2040,5651,0.39567485451698303
4519,2040,1251,0.395659476518631
4520,2040,6071,0.3956230878829956
4521,2040,2066,0.3955804705619812
4522,2040,6010,0.39557990431785583
4523,2040,2457,0.3955669105052948
4524,2040,399,0.3955400586128235
4525,2040,1253,0.39553919434547424
4526,2040,4733,0.3955051898956299
4527,2040,3664,0.39543548226356506
4528,2040,3184,0.39542871713638306
4529,2040,2167,0.39542868733406067
4530,2040,5389,0.3954135775566101
4531,2040,5273,0.39532598853111267
4532,2040,232,0.395325630903244
4533,2040,3444,0.39528873562812805
4534,2040,2531,0.3952638506889343
4535,2040,4753,0.39526328444480896
4536,2040,6288,0.3952220380306244
4537,2040,6242,0.39519938826560974
4538,2040,5062,0.3951641619205475
4539,2040,4679,0.3951451778411865
4540,2040,1774,0.3950704038143158
4541,2040,5829,0.3950168788433075
4542,2040,1013,0.3949308395385742
4543,2040,1031,0.3949066996574402
4544,2040,2112,0.3948957026004791
4545,2040,5773,0.39489519596099854
4546,2040,1895,0.39471882581710815
4547,2040,959,0.3946681022644043
4548,2040,802,0.3945951759815216
4549,2040,517,0.3945203721523285
4550,2040,2170,0.3945048153400421
4551,2040,4786,0.3944629728794098
4552,2040,6145,0.39442744851112366
4553,2040,533,0.3943803310394287
4554,2040,1577,0.39434391260147095
4555,2040,5363,0.39431262016296387
4556,2040,1436,0.3942676782608032
4557,2040,897,0.39415237307548523
4558,2040,2059,0.3941113352775574
4559,2040,6166,0.39410796761512756
4560,2040,4603,0.3940899074077606
4561,2040,688,0.39401358366012573
4562,2040,991,0.3940090537071228
4563,2040,4724,0.3939412534236908
4564,2040,2880,0.3939330279827118
4565,2040,330,0.3939211368560791
4566,2040,3896,0.39391031861305237
4567,2040,3221,0.3938942849636078
4568,2040,3677,0.393886923789978
4569,2040,3941,0.3938804864883423
4570,2040,4010,0.39381685853004456
4571,2040,705,0.3938165009021759
4572,2040,1064,0.3937428295612335
4573,2040,2284,0.3936516046524048
4574,2040,1870,0.3936249613761902
4575,2040,3465,0.39361700415611267
4576,2040,5458,0.3935805559158325
4577,2040,3218,0.3935425579547882
4578,2040,5937,0.3935305178165436
4579,2040,1258,0.3935268819332123
4580,2040,335,0.39350974559783936
4581,2040,4930,0.3934811055660248
4582,2040,787,0.39335745573043823
4583,2040,720,0.3933570981025696
4584,2040,6338,0.39335453510284424
4585,2040,1540,0.3932839035987854
4586,2040,46,0.3931673765182495
4587,2040,3909,0.3929958641529083
4588,2040,4927,0.39297327399253845
4589,2040,5700,0.3929339647293091
4590,2040,3918,0.39292991161346436
4591,2040,1534,0.39289918541908264
4592,2040,2621,0.39285773038864136
4593,2040,3189,0.3928314447402954
4594,2040,5900,0.3927585184574127
4595,2040,818,0.3926777243614197
4596,2040,2362,0.39265161752700806
4597,2040,2289,0.39264997839927673
4598,2040,1971,0.39263784885406494
4599,2040,3326,0.39263251423835754
4600,2040,5988,0.3925504982471466
4601,2040,2532,0.39252567291259766
4602,2040,984,0.39252427220344543
4603,2040,412,0.3924672305583954
4604,2040,4025,0.39244261384010315
4605,2040,1553,0.39235973358154297
4606,2040,2892,0.3923546075820923
4607,2040,5019,0.39231887459754944
4608,2040,6016,0.392302930355072
4609,2040,2549,0.39227670431137085
4610,2040,3945,0.39224499464035034
4611,2040,5088,0.392229825258255
4612,2040,482,0.3921913802623749
4613,2040,844,0.392172247171402
4614,2040,4285,0.3921709656715393
4615,2040,3416,0.39216333627700806
4616,2040,5931,0.392149418592453
4617,2040,6311,0.39214596152305603
4618,2040,1086,0.3921164274215698
4619,2040,3648,0.3920919895172119
4620,2040,1519,0.3920854926109314
4621,2040,280,0.39196908473968506
4622,2040,2768,0.3919282555580139
4623,2040,5689,0.3919132351875305
4624,2040,259,0.3918597102165222
4625,2040,3684,0.3917483985424042
4626,2040,6178,0.39173436164855957
4627,2040,5784,0.39168301224708557
4628,2040,4128,0.39156368374824524
4629,2040,4211,0.39149415493011475
4630,2040,2482,0.39148807525634766
4631,2040,4674,0.39144837856292725
4632,2040,3398,0.39141735434532166
4633,2040,5757,0.39141353964805603
4634,2040,1788,0.3914082944393158
4635,2040,110,0.3913635015487671
4636,2040,4110,0.391345739364624
4637,2040,2453,0.39133313298225403
4638,2040,5991,0.3912141025066376
4639,2040,1084,0.39121201634407043
4640,2040,2627,0.39119938015937805
4641,2040,3600,0.3911944329738617
4642,2040,3480,0.39118751883506775
4643,2040,4192,0.3911588490009308
4644,2040,2465,0.39115649461746216
4645,2040,3961,0.39111584424972534
4646,2040,2683,0.39109453558921814
4647,2040,4959,0.3910474181175232
4648,2040,3524,0.39096373319625854
4649,2040,4100,0.39095401763916016
4650,2040,2300,0.39086538553237915
4651,2040,920,0.39085614681243896
4652,2040,5231,0.39081278443336487
4653,2040,4807,0.3907809555530548
4654,2040,4245,0.3907514214515686
4655,2040,581,0.39071378111839294
4656,2040,624,0.3906952142715454
4657,2040,220,0.39067909121513367
4658,2040,6136,0.39067813754081726
4659,2040,2318,0.3906753659248352
4660,2040,5345,0.39063090085983276
4661,2040,6157,0.39062774181365967
4662,2040,873,0.3906204104423523
4663,2040,416,0.390592098236084
4664,2040,3711,0.3905895948410034
4665,2040,3337,0.3905269205570221
4666,2040,3181,0.39051979780197144
4667,2040,3538,0.390480101108551
4668,2040,4338,0.3904784619808197
4669,2040,4502,0.3904286026954651
4670,2040,58,0.39036157727241516
4671,2040,6101,0.3903568685054779
4672,2040,5430,0.39027056097984314
4673,2040,5958,0.3901878595352173
4674,2040,1029,0.39012885093688965
4675,2040,5610,0.3901100158691406
4676,2040,2828,0.3900719881057739
4677,2040,3870,0.3900596499443054
4678,2040,627,0.3899874687194824
4679,2040,798,0.3899723291397095
4680,2040,1451,0.389935165643692
4681,2040,4535,0.38993433117866516
4682,2040,1032,0.38987863063812256
4683,2040,2210,0.38986676931381226
4684,2040,4282,0.38984188437461853
4685,2040,1429,0.38980039954185486
4686,2040,836,0.3897303640842438
4687,2040,3904,0.38968637585639954
4688,2040,5287,0.38960400223731995
4689,2040,1271,0.3895975351333618
4690,2040,4538,0.3895860016345978
4691,2040,2223,0.389583557844162
4692,2040,656,0.3895564079284668
4693,2040,3252,0.389551043510437
4694,2040,530,0.38951361179351807
4695,2040,660,0.3895087242126465
4696,2040,6084,0.3894857168197632
4697,2040,162,0.38941138982772827
4698,2040,4740,0.38938289880752563
4699,2040,5462,0.38936981558799744
4700,2040,3871,0.3893528878688812
4701,2040,841,0.3892563581466675
4702,2040,2796,0.3892272114753723
4703,2040,2930,0.3892032504081726
4704,2040,3693,0.3891512155532837
4705,2040,5418,0.3891507387161255
4706,2040,609,0.38912007212638855
4707,2040,5910,0.38910987973213196
4708,2040,3901,0.38909950852394104
4709,2040,318,0.388976514339447
4710,2040,1798,0.38888785243034363
4711,2040,988,0.3888815641403198
4712,2040,5368,0.38880667090415955
4713,2040,2131,0.38879603147506714
4714,2040,701,0.38863223791122437
4715,2040,2102,0.3885636031627655
4716,2040,224,0.3885062038898468
4717,2040,3622,0.38846197724342346
4718,2040,5489,0.3884458541870117
4719,2040,870,0.3883563280105591
4720,2040,833,0.38826340436935425
4721,2040,3274,0.38824212551116943
4722,2040,6228,0.38805434107780457
4723,2040,4202,0.3880235552787781
4724,2040,2907,0.3880082964897156
4725,2040,1139,0.3880058526992798
4726,2040,5434,0.3879585564136505
4727,2040,3829,0.3879384994506836
4728,2040,6169,0.3879370093345642
4729,2040,3744,0.38791587948799133
4730,2040,3415,0.3878990113735199
4731,2040,1097,0.3878171145915985
4732,2040,2833,0.38777387142181396
4733,2040,3731,0.3877674341201782
4734,2040,4512,0.3876741826534271
4735,2040,4136,0.387647420167923
4736,2040,3967,0.3875918984413147
4737,2040,1801,0.38749003410339355
4738,2040,4309,0.3874620497226715
4739,2040,3680,0.38742929697036743
4740,2040,3917,0.3874277174472809
4741,2040,410,0.3873974084854126
4742,2040,5841,0.38738876581192017
4743,2040,389,0.3873767554759979
4744,2040,3043,0.38735803961753845
4745,2040,3914,0.3873494267463684
4746,2040,1653,0.38732457160949707
4747,2040,3553,0.3872697651386261
4748,2040,15,0.387201726436615
4749,2040,141,0.38709983229637146
4750,2040,1579,0.38701948523521423
4751,2040,4918,0.38700559735298157
4752,2040,5113,0.3869168162345886
4753,2040,3685,0.3868951201438904
4754,2040,292,0.3868293762207031
4755,2040,5799,0.386785626411438
4756,2040,4613,0.3867715895175934
4757,2040,333,0.3867608904838562
4758,2040,1816,0.3867597281932831
4759,2040,2945,0.3867121934890747
4760,2040,5748,0.386568158864975
4761,2040,1587,0.3863545358181
4762,2040,4039,0.3863411843776703
4763,2040,1460,0.38631317019462585
4764,2040,6197,0.3862791359424591
4765,2040,1124,0.38627195358276367
4766,2040,2703,0.3862311542034149
4767,2040,2169,0.3862259089946747
4768,2040,765,0.3862135708332062
4769,2040,351,0.3861241638660431
4770,2040,5637,0.3860977292060852
4771,2040,4312,0.38609498739242554
4772,2040,465,0.3860699534416199
4773,2040,1130,0.3860646188259125
4774,2040,3411,0.386022686958313
4775,2040,2647,0.3859418034553528
4776,2040,3128,0.3858770728111267
4777,2040,6380,0.3858586549758911
4778,2040,2604,0.38582855463027954
4779,2040,5325,0.38582003116607666
4780,2040,5486,0.38580262660980225
4781,2040,3749,0.38579338788986206
4782,2040,6109,0.3856443166732788
4783,2040,999,0.3855533003807068
4784,2040,1700,0.38552749156951904
4785,2040,3460,0.38540953397750854
4786,2040,4952,0.38536566495895386
4787,2040,5667,0.3853214383125305
4788,2040,5432,0.38526856899261475
4789,2040,859,0.3852648138999939
4790,2040,2352,0.38525474071502686
4791,2040,1405,0.38507628440856934
4792,2040,4042,0.38504740595817566
4793,2040,4633,0.3850444555282593
4794,2040,4242,0.3850405812263489
4795,2040,2815,0.3850037157535553
4796,2040,3768,0.38499048352241516
4797,2040,463,0.38492757081985474
4798,2040,369,0.3848644495010376
4799,2040,3399,0.3848496973514557
4800,2040,6321,0.3848396837711334
4801,2040,6286,0.38483619689941406
4802,2040,4758,0.38482385873794556
4803,2040,5764,0.3847125768661499
4804,2040,164,0.3846342861652374
4805,2040,3266,0.3845982253551483
4806,2040,1274,0.38446587324142456
4807,2040,2995,0.38436365127563477
4808,2040,1743,0.3843112885951996
4809,2040,4185,0.3842930793762207
4810,2040,225,0.3842824697494507
4811,2040,4615,0.3842278718948364
4812,2040,2325,0.38419994711875916
4813,2040,1034,0.3841864764690399
4814,2040,989,0.38416963815689087
4815,2040,2452,0.38411977887153625
4816,2040,6043,0.38407817482948303
4817,2040,885,0.3840329051017761
4818,2040,5677,0.38402068614959717
4819,2040,1294,0.38400787115097046
4820,2040,2766,0.3839661777019501
4821,2040,2555,0.38380029797554016
4822,2040,2355,0.38379788398742676
4823,2040,738,0.3837506175041199
4824,2040,484,0.38372156023979187
4825,2040,1813,0.38368865847587585
4826,2040,679,0.3836633861064911
4827,2040,4986,0.38364121317863464
4828,2040,3934,0.3834843933582306
4829,2040,270,0.38345015048980713
4830,2040,3852,0.3834283947944641
4831,2040,5940,0.3833965063095093
4832,2040,2209,0.3833032250404358
4833,2040,5252,0.38321128487586975
4834,2040,3767,0.383165180683136
4835,2040,4868,0.38312146067619324
4836,2040,3823,0.3831184208393097
4837,2040,3207,0.38309594988822937
4838,2040,2623,0.3830737769603729
4839,2040,4339,0.3830200433731079
4840,2040,461,0.3829140067100525
4841,2040,3110,0.3828945457935333
4842,2040,3687,0.3828659653663635
4843,2040,4643,0.3828139901161194
4844,2040,367,0.38279998302459717
4845,2040,3657,0.38276925683021545
4846,2040,2762,0.38276517391204834
4847,2040,2714,0.3826984763145447
4848,2040,4200,0.38269737362861633
4849,2040,253,0.3826095163822174
4850,2040,5548,0.3825829327106476
4851,2040,4418,0.3825562298297882
4852,2040,63,0.3825216293334961
4853,2040,5455,0.382447212934494
4854,2040,2371,0.3824441432952881
4855,2040,5243,0.38234642148017883
4856,2040,2288,0.38233789801597595
4857,2040,2888,0.3823002874851227
4858,2040,4756,0.38227689266204834
4859,2040,5167,0.3821484446525574
4860,2040,5737,0.3821236491203308
4861,2040,639,0.38211092352867126
4862,2040,4465,0.38206446170806885
4863,2040,5217,0.3820594549179077
4864,2040,2218,0.38202688097953796
4865,2040,5814,0.38198110461235046
4866,2040,1944,0.38197794556617737
4867,2040,3624,0.3819443881511688
4868,2040,6030,0.381930947303772
4869,2040,5339,0.3818873167037964
4870,2040,5241,0.3818252384662628
4871,2040,4255,0.38181570172309875
4872,2040,3596,0.381807804107666
4873,2040,5508,0.3818046450614929
4874,2040,3183,0.38179659843444824
4875,2040,3717,0.38163167238235474
4876,2040,1675,0.38157516717910767
4877,2040,4281,0.381564199924469
4878,2040,1692,0.38152846693992615
4879,2040,487,0.38138654828071594
4880,2040,792,0.3813411295413971
4881,2040,6082,0.3813321590423584
4882,2040,4366,0.3813292682170868
4883,2040,5906,0.3812869191169739
4884,2040,3565,0.38125091791152954
4885,2040,3325,0.3811967074871063
4886,2040,5131,0.38109156489372253
4887,2040,3573,0.3810783922672272
4888,2040,1600,0.38095706701278687
4889,2040,1676,0.3808426558971405
4890,2040,2825,0.3807888329029083
4891,2040,1268,0.38078781962394714
4892,2040,1254,0.3807859718799591
4893,2040,2803,0.38076251745224
4894,2040,3192,0.38075169920921326
4895,2040,4314,0.38074883818626404
4896,2040,1609,0.3806088864803314
4897,2040,3919,0.3804541528224945
4898,2040,529,0.3804520070552826
4899,2040,5109,0.3803083002567291
4900,2040,6233,0.38030076026916504
4901,2040,4970,0.38029223680496216
4902,2040,827,0.3802765905857086
4903,2040,60,0.3802202343940735
4904,2040,6104,0.38020989298820496
4905,2040,703,0.38010409474372864
4906,2040,2592,0.3800226151943207
4907,2040,5811,0.37998372316360474
4908,2040,5695,0.37996789813041687
4909,2040,2583,0.37996211647987366
4910,2040,3796,0.37989342212677
4911,2040,2427,0.3798382878303528
4912,2040,712,0.37982073426246643
4913,2040,4782,0.37980836629867554
4914,2040,2029,0.3797770142555237
4915,2040,5574,0.37966153025627136
4916,2040,1437,0.37949007749557495
4917,2040,3739,0.37936025857925415
4918,2040,3002,0.379347562789917
4919,2040,3027,0.37925854325294495
4920,2040,5801,0.3792095482349396
4921,2040,4529,0.3792089521884918
4922,2040,1631,0.3792053759098053
4923,2040,2811,0.37902674078941345
4924,2040,2202,0.37901145219802856
4925,2040,3428,0.3789461851119995
4926,2040,4493,0.37885811924934387
4927,2040,2408,0.3788548409938812
4928,2040,5468,0.3788338899612427
4929,2040,1321,0.3788048326969147
4930,2040,2638,0.3787442147731781
4931,2040,1249,0.37873414158821106
4932,2040,241,0.37872710824012756
4933,2040,4735,0.3787041902542114
4934,2040,223,0.37865015864372253
4935,2040,5589,0.3786493241786957
4936,2040,5495,0.37861624360084534
4937,2040,3141,0.37860748171806335
4938,2040,1789,0.37857067584991455
4939,2040,2670,0.3785698115825653
4940,2040,2985,0.3785419166088104
4941,2040,6087,0.37852537631988525
4942,2040,4008,0.3784913420677185
4943,2040,3949,0.3784135580062866
4944,2040,2610,0.3783171772956848
4945,2040,1165,0.3782980740070343
4946,2040,2842,0.3782549202442169
4947,2040,6160,0.3782087564468384
4948,2040,2881,0.3781595528125763
4949,2040,4737,0.3781590461730957
4950,2040,5075,0.37814852595329285
4951,2040,4547,0.3781225085258484
4952,2040,4938,0.37808459997177124
4953,2040,659,0.3780646026134491
4954,2040,1010,0.37791815400123596
4955,2040,1674,0.3778676390647888
4956,2040,4024,0.377828449010849
4957,2040,5678,0.3778195381164551
4958,2040,2943,0.3778180480003357
4959,2040,1001,0.3777754306793213
4960,2040,1552,0.37764132022857666
4961,2040,675,0.37755510210990906
4962,2040,1128,0.37753650546073914
4963,2040,3742,0.3774946928024292
4964,2040,3327,0.37749022245407104
4965,2040,4328,0.37748900055885315
4966,2040,5831,0.37744277715682983
4967,2040,3203,0.37742140889167786
4968,2040,4973,0.3774110972881317
4969,2040,415,0.37740856409072876
4970,2040,379,0.37735116481781006
4971,2040,5029,0.37730181217193604
4972,2040,2572,0.3772755265235901
4973,2040,1174,0.37720489501953125
4974,2040,5652,0.3771422505378723
4975,2040,1614,0.3771243095397949
4976,2040,2014,0.37710806727409363
4977,2040,5032,0.37708455324172974
4978,2040,5516,0.3770456314086914
4979,2040,4799,0.3770444095134735
4980,2040,5151,0.3769984841346741
4981,2040,4685,0.37691715359687805
4982,2040,2789,0.37691035866737366
4983,2040,2442,0.37688982486724854
4984,2040,81,0.3768852651119232
4985,2040,1574,0.3768807649612427
4986,2040,1157,0.3768474757671356
4987,2040,2500,0.3768225610256195
4988,2040,553,0.3766852617263794
4989,2040,948,0.3766556680202484
4990,2040,451,0.37665241956710815
4991,2040,5223,0.376572847366333
4992,2040,3729,0.37653812766075134
4993,2040,41,0.3765360414981842
4994,2040,3160,0.3764490485191345
4995,2040,6042,0.37644311785697937
4996,2040,4576,0.37635454535484314
4997,2040,4570,0.3763411343097687
4998,2040,939,0.37622398138046265
4999,2040,5879,0.3761836886405945
5000,2040,5915,0.37613987922668457
5001,2040,2988,0.3761201798915863
5002,2040,4725,0.3760513961315155
5003,2040,5225,0.37583300471305847
5004,2040,1072,0.3757874071598053
5005,2040,979,0.3756609559059143
5006,2040,1483,0.37556207180023193
5007,2040,4586,0.37555333971977234
5008,2040,2757,0.3754752278327942
5009,2040,123,0.37543901801109314
5010,2040,488,0.37541651725769043
5011,2040,5193,0.37526828050613403
5012,2040,3107,0.3751126527786255
5013,2040,5878,0.3751106560230255
5014,2040,475,0.3750893175601959
5015,2040,4237,0.3750835657119751
5016,2040,3255,0.37506136298179626
5017,2040,4591,0.375054270029068
5018,2040,1427,0.3750040531158447
5019,2040,5446,0.37499621510505676
5020,2040,943,0.37486532330513
5021,2040,3068,0.37481552362442017
5022,2040,3142,0.37478622794151306
5023,2040,5827,0.3747669756412506
5024,2040,4625,0.37471505999565125
5025,2040,4936,0.37466952204704285
5026,2040,71,0.3746338188648224
5027,2040,2785,0.37456074357032776
5028,2040,6229,0.37442266941070557
5029,2040,2959,0.3743155598640442
5030,2040,779,0.37423810362815857
5031,2040,4134,0.37420782446861267
5032,2040,3814,0.37419793009757996
5033,2040,2632,0.3741951286792755
5034,2040,5916,0.3741928040981293
5035,2040,579,0.37418901920318604
5036,2040,5679,0.3741580843925476
5037,2040,5709,0.3741406202316284
5038,2040,1278,0.37413570284843445
5039,2040,5938,0.37410810589790344
5040,2040,4206,0.3740781247615814
5041,2040,2826,0.37404865026474
5042,2040,4962,0.3738194704055786
5043,2040,3156,0.37375542521476746
5044,2040,6224,0.37374991178512573
5045,2040,3154,0.37371960282325745
5046,2040,2140,0.3736588954925537
5047,2040,3310,0.37364500761032104
5048,2040,3813,0.3736345171928406
5049,2040,5885,0.37363380193710327
5050,2040,408,0.373523086309433
5051,2040,3754,0.37351280450820923
5052,2040,3686,0.3734470307826996
5053,2040,423,0.3733915090560913
5054,2040,3410,0.37323424220085144
5055,2040,4451,0.3731795847415924
5056,2040,2390,0.37311455607414246
5057,2040,5598,0.3730708360671997
5058,2040,1109,0.3730701208114624
5059,2040,5246,0.3730190396308899
5060,2040,1805,0.3729172646999359
5061,2040,1469,0.3728695213794708
5062,2040,1737,0.3728325664997101
5063,2040,5797,0.3728257715702057
5064,2040,6222,0.37278032302856445
5065,2040,1500,0.3727566599845886
5066,2040,4352,0.3727305233478546
5067,2040,4046,0.37270238995552063
5068,2040,206,0.37269365787506104
5069,2040,4478,0.3726457357406616
5070,2040,797,0.3726261854171753
5071,2040,2996,0.37258973717689514
5072,2040,5859,0.37257125973701477
5073,2040,906,0.37251049280166626
5074,2040,405,0.372445285320282
5075,2040,5913,0.37241870164871216
5076,2040,2547,0.37238919734954834
5077,2040,769,0.3723360598087311
5078,2040,3254,0.37233200669288635
5079,2040,5908,0.37233051657676697
5080,2040,2600,0.37227240204811096
5081,2040,95,0.372210830450058
5082,2040,554,0.3721860349178314
5083,2040,54,0.37214523553848267
5084,2040,3280,0.3721008896827698
5085,2040,150,0.37209388613700867
5086,2040,124,0.3720870316028595
5087,2040,3815,0.37204524874687195
5088,2040,5792,0.37203526496887207
5089,2040,2290,0.3720010817050934
5090,2040,3955,0.37198346853256226
5091,2040,3316,0.37197887897491455
5092,2040,5154,0.3719289302825928
5093,2040,6080,0.3718346655368805
5094,2040,2053,0.3717710077762604
5095,2040,4705,0.37170663475990295
5096,2040,4563,0.3715366721153259
5097,2040,855,0.37152644991874695
5098,2040,6300,0.37152615189552307
5099,2040,5353,0.3715180456638336
5100,2040,3287,0.37149369716644287
5101,2040,424,0.37142807245254517
5102,2040,1221,0.3713834881782532
5103,2040,4466,0.3713186979293823
5104,2040,6384,0.37130722403526306
5105,2040,3557,0.37123844027519226
5106,2040,3570,0.3711378276348114
5107,2040,5701,0.37111711502075195
5108,2040,5343,0.37102025747299194
5109,2040,5481,0.3710082173347473
5110,2040,4601,0.37097227573394775
5111,2040,1742,0.37097129225730896
5112,2040,1663,0.3709647059440613
5113,2040,3005,0.37091463804244995
5114,2040,5201,0.3707946538925171
5115,2040,5379,0.37075960636138916
5116,2040,5459,0.3707583546638489
5117,2040,445,0.370754599571228
5118,2040,5547,0.370663046836853
5119,2040,2227,0.3705871105194092
5120,2040,752,0.3705569803714752
5121,2040,233,0.3705134987831116
5122,2040,2615,0.370466947555542
5123,2040,986,0.3704662322998047
5124,2040,3232,0.370461106300354
5125,2040,597,0.37038537859916687
5126,2040,1220,0.3702234923839569
5127,2040,4713,0.37020453810691833
5128,2040,3942,0.369989812374115
5129,2040,2576,0.36995750665664673
5130,2040,3381,0.36989450454711914
5131,2040,2591,0.3698577284812927
5132,2040,3038,0.36985424160957336
5133,2040,29,0.369813472032547
5134,2040,36,0.36980950832366943
5135,2040,1259,0.3697682321071625
5136,2040,3357,0.36973807215690613
5137,2040,3726,0.3697145879268646
5138,2040,628,0.3696666657924652
5139,2040,854,0.369412362575531
5140,2040,3952,0.369411826133728
5141,2040,1697,0.36939314007759094
5142,2040,3332,0.36936768889427185
5143,2040,6073,0.3692542314529419
5144,2040,776,0.36922481656074524
5145,2040,2633,0.3691869080066681
5146,2040,32,0.3691774010658264
5147,2040,2612,0.3691580891609192
5148,2040,2309,0.36915597319602966
5149,2040,1049,0.3690488934516907
5150,2040,2798,0.36903661489486694
5151,2040,5187,0.3690331280231476
5152,2040,6374,0.3690321743488312
5153,2040,4997,0.36901888251304626
5154,2040,398,0.36900952458381653
5155,2040,5795,0.36894264817237854
5156,2040,5604,0.36886677145957947
5157,2040,2575,0.36879098415374756
5158,2040,3434,0.36876216530799866
5159,2040,1751,0.36863377690315247
5160,2040,278,0.3686191141605377
5161,2040,2334,0.3684801459312439
5162,2040,3756,0.3684682548046112
5163,2040,5057,0.36842840909957886
5164,2040,1296,0.36842602491378784
5165,2040,6205,0.36827021837234497
5166,2040,112,0.36825305223464966
5167,2040,2308,0.3682182729244232
5168,2040,4742,0.3681987226009369
5169,2040,5192,0.36815229058265686
5170,2040,3176,0.3680971562862396
5171,2040,3928,0.3679688274860382
5172,2040,3618,0.36795371770858765
5173,2040,4641,0.3678780794143677
5174,2040,3308,0.3677618205547333
5175,2040,2389,0.36769214272499084
5176,2040,931,0.3676488995552063
5177,2040,3714,0.36755040287971497
5178,2040,2758,0.3674212098121643
5179,2040,3126,0.3673715889453888
5180,2040,5985,0.36730098724365234
5181,2040,5844,0.3672998547554016
5182,2040,353,0.3671852648258209
5183,2040,3769,0.367092102766037
5184,2040,4697,0.3670733869075775
5185,2040,1570,0.3670296370983124
5186,2040,5196,0.36700937151908875
5187,2040,912,0.36700689792633057
5188,2040,4668,0.36698171496391296
5189,2040,893,0.36694175004959106
5190,2040,5668,0.36691510677337646
5191,2040,4363,0.3668758273124695
5192,2040,3163,0.36685457825660706
5193,2040,1323,0.36683180928230286
5194,2040,430,0.3668094277381897
5195,2040,3123,0.3666016757488251
5196,2040,4867,0.366335928440094
5197,2040,477,0.36627352237701416
5198,2040,401,0.36621755361557007
5199,2040,1419,0.3661503493785858
5200,2040,3682,0.36614319682121277
5201,2040,3301,0.3659379184246063
5202,2040,743,0.3659377992153168
5203,2040,3906,0.3658885955810547
5204,2040,3512,0.36583811044692993
5205,2040,1287,0.3658072054386139
5206,2040,2699,0.3657744228839874
5207,2040,1606,0.36571329832077026
5208,2040,5361,0.3656936287879944
5209,2040,4849,0.3656477928161621
5210,2040,3894,0.36563780903816223
5211,2040,5281,0.3656145930290222
5212,2040,4102,0.36549416184425354
5213,2040,1073,0.36547648906707764
5214,2040,5951,0.36545002460479736
5215,2040,758,0.3654022514820099
5216,2040,6055,0.3653446435928345
5217,2040,2105,0.36532747745513916
5218,2040,527,0.3652989864349365
5219,2040,1334,0.3652769923210144
5220,2040,4907,0.36527156829833984
5221,2040,678,0.36526787281036377
5222,2040,3054,0.365164190530777
5223,2040,2311,0.36513566970825195
5224,2040,4283,0.36513426899909973
5225,2040,4521,0.3651183545589447
5226,2040,968,0.3651072680950165
5227,2040,504,0.36509793996810913
5228,2040,1364,0.36508193612098694
5229,2040,2180,0.36507436633110046
5230,2040,3650,0.36505478620529175
5231,2040,3353,0.3650010824203491
5232,2040,1561,0.3649818003177643
5233,2040,2925,0.36494216322898865
5234,2040,1284,0.3649387061595917
5235,2040,4912,0.3649336099624634
5236,2040,5580,0.364930123090744
5237,2040,4913,0.3648971617221832
5238,2040,784,0.3648841977119446
5239,2040,6262,0.3648354709148407
5240,2040,2386,0.36482006311416626
5241,2040,2493,0.36473822593688965
5242,2040,1954,0.3646935522556305
5243,2040,1866,0.36463943123817444
5244,2040,6202,0.36459892988204956
5245,2040,2582,0.36454078555107117
5246,2040,5402,0.36445853114128113
5247,2040,6235,0.3640629053115845
5248,2040,3700,0.3640510141849518
5249,2040,1463,0.3640376627445221
5250,2040,5417,0.3639948070049286
5251,2040,1764,0.3639485836029053
5252,2040,4317,0.3639293909072876
5253,2040,1755,0.3638990819454193
5254,2040,21,0.3638421893119812
5255,2040,3855,0.36383092403411865
5256,2040,4572,0.36376240849494934
5257,2040,6320,0.3637617230415344
5258,2040,470,0.36364150047302246
5259,2040,3147,0.363571435213089
5260,2040,4510,0.36349692940711975
5261,2040,6424,0.3634030520915985
5262,2040,2430,0.36336857080459595
5263,2040,5328,0.3632759749889374
5264,2040,947,0.36323806643486023
5265,2040,5271,0.36323079466819763
5266,2040,3820,0.36318302154541016
5267,2040,6134,0.3631769120693207
5268,2040,1361,0.36314404010772705
5269,2040,2606,0.3630911707878113
5270,2040,3867,0.36300376057624817
5271,2040,3555,0.36287644505500793
5272,2040,4917,0.36286425590515137
5273,2040,265,0.3627917766571045
5274,2040,3911,0.36267709732055664
5275,2040,1479,0.3626357614994049
5276,2040,1871,0.3624698221683502
5277,2040,5297,0.36239320039749146
5278,2040,309,0.3621736466884613
5279,2040,3201,0.3621651828289032
5280,2040,5680,0.36215075850486755
5281,2040,595,0.3621481657028198
5282,2040,5691,0.3620913028717041
5283,2040,953,0.36208292841911316
5284,2040,4307,0.36207425594329834
5285,2040,1332,0.36196422576904297
5286,2040,3036,0.36189374327659607
5287,2040,4548,0.3617873191833496
5288,2040,2978,0.36178138852119446
5289,2040,3931,0.3616555333137512
5290,2040,2584,0.36164718866348267
5291,2040,3957,0.36156630516052246
5292,2040,4125,0.3614971935749054
5293,2040,630,0.361492782831192
5294,2040,3454,0.36145511269569397
5295,2040,2759,0.3613510727882385
5296,2040,744,0.36135053634643555
5297,2040,2349,0.3613426983356476
5298,2040,4965,0.36132335662841797
5299,2040,4017,0.3612813651561737
5300,2040,3822,0.36124294996261597
5301,2040,215,0.36123254895210266
5302,2040,3299,0.36120495200157166
5303,2040,1370,0.36112266778945923
5304,2040,5849,0.3610100746154785
5305,2040,588,0.3609798550605774
5306,2040,727,0.36097341775894165
5307,2040,4360,0.3608831763267517
5308,2040,3799,0.36087852716445923
5309,2040,3738,0.3608382046222687
5310,2040,3885,0.36082544922828674
5311,2040,310,0.36079856753349304
5312,2040,196,0.3607792556285858
5313,2040,2831,0.36075419187545776
5314,2040,2559,0.36072394251823425
5315,2040,1038,0.3606399893760681
5316,2040,500,0.36057066917419434
5317,2040,697,0.36056479811668396
5318,2040,2688,0.36040812730789185
5319,2040,5965,0.36039766669273376
5320,2040,661,0.3603771924972534
5321,2040,4723,0.3602762222290039
5322,2040,2816,0.3602496087551117
5323,2040,1077,0.3602314591407776
5324,2040,247,0.3602225184440613
5325,2040,6399,0.36019444465637207
5326,2040,5228,0.36013129353523254
5327,2040,2359,0.3601144552230835
5328,2040,3772,0.3600550591945648
5329,2040,6243,0.35995084047317505
5330,2040,583,0.35990509390830994
5331,2040,3824,0.3598981201648712
5332,2040,3200,0.3597908616065979
5333,2040,4208,0.35970911383628845
5334,2040,3718,0.359699010848999
5335,2040,4544,0.3596959412097931
5336,2040,3051,0.35966864228248596
5337,2040,433,0.35963690280914307
5338,2040,3905,0.3595879077911377
5339,2040,392,0.35951581597328186
5340,2040,4475,0.35947316884994507
5341,2040,135,0.3594362139701843
5342,2040,218,0.35939767956733704
5343,2040,88,0.35921409726142883
5344,2040,6171,0.3592120110988617
5345,2040,3660,0.3591867983341217
5346,2040,381,0.35917600989341736
5347,2040,3516,0.3591574430465698
5348,2040,1075,0.35912343859672546
5349,2040,4969,0.35901033878326416
5350,2040,1580,0.35898688435554504
5351,2040,5262,0.3589804172515869
5352,2040,5207,0.3588949143886566
5353,2040,5413,0.35885128378868103
5354,2040,5586,0.3588240444660187
5355,2040,6024,0.35879650712013245
5356,2040,5427,0.3587767779827118
5357,2040,4320,0.3587457835674286
5358,2040,4292,0.35862818360328674
5359,2040,5429,0.3586074709892273
5360,2040,2411,0.35858434438705444
5361,2040,5978,0.35846757888793945
5362,2040,4665,0.3584384024143219
5363,2040,938,0.3583630621433258
5364,2040,3788,0.3580627739429474
5365,2040,6019,0.3580153286457062
5366,2040,2646,0.3579847514629364
5367,2040,4246,0.3578947186470032
5368,2040,316,0.35770291090011597
5369,2040,1596,0.35769855976104736
5370,2040,5276,0.3576904535293579
5371,2040,4953,0.35756736993789673
5372,2040,5255,0.3574448227882385
5373,2040,5927,0.35739824175834656
5374,2040,747,0.3573567271232605
5375,2040,6231,0.35735583305358887
5376,2040,5934,0.357351154088974
5377,2040,1409,0.35731595754623413
5378,2040,676,0.3572840392589569
5379,2040,236,0.35722842812538147
5380,2040,2028,0.35707178711891174
5381,2040,6225,0.3570336103439331
5382,2040,227,0.356991171836853
5383,2040,6251,0.3569739758968353
5384,2040,2613,0.35693660378456116
5385,2040,3765,0.3569023311138153
5386,2040,3996,0.3568446934223175
5387,2040,2595,0.3567788004875183
5388,2040,5513,0.3567698001861572
5389,2040,3646,0.3567184507846832
5390,2040,5478,0.3566821813583374
5391,2040,863,0.35665568709373474
5392,2040,2903,0.35659581422805786
5393,2040,4026,0.35648050904273987
5394,2040,1055,0.35642009973526
5395,2040,1273,0.35638925433158875
5396,2040,917,0.3563745617866516
5397,2040,199,0.35612988471984863
5398,2040,3394,0.3561129868030548
5399,2040,4902,0.35606974363327026
5400,2040,4474,0.3559911549091339
5401,2040,4021,0.3559841811656952
5402,2040,951,0.3559443950653076
5403,2040,1733,0.3559088110923767
5404,2040,2642,0.3558862507343292
5405,2040,1255,0.35585156083106995
5406,2040,1039,0.3558327257633209
5407,2040,3645,0.3557659685611725
5408,2040,6167,0.35576000809669495
5409,2040,2413,0.35573315620422363
5410,2040,4447,0.3556801378726959
5411,2040,540,0.3556380569934845
5412,2040,3665,0.35561835765838623
5413,2040,3024,0.35557615756988525
5414,2040,3134,0.35554882884025574
5415,2040,5036,0.3554938733577728
5416,2040,3348,0.35546764731407166
5417,2040,993,0.3553977906703949
5418,2040,4925,0.35537952184677124
5419,2040,5504,0.3553203046321869
5420,2040,3178,0.355315625667572
5421,2040,5935,0.3552509546279907
5422,2040,464,0.3551565706729889
5423,2040,490,0.35500431060791016
5424,2040,3498,0.3549859821796417
5425,2040,3527,0.3549692630767822
5426,2040,2416,0.3549633324146271
5427,2040,1771,0.3549223840236664
5428,2040,5564,0.3549026548862457
5429,2040,4843,0.354892373085022
5430,2040,3307,0.35485732555389404
5431,2040,1716,0.354842871427536
5432,2040,944,0.3547910451889038
5433,2040,3016,0.35473310947418213
5434,2040,255,0.35467296838760376
5435,2040,2085,0.3546179234981537
5436,2040,2004,0.35460153222084045
5437,2040,5092,0.3545634150505066
5438,2040,2821,0.35452261567115784
5439,2040,3877,0.35450077056884766
5440,2040,3067,0.3543674051761627
5441,2040,3954,0.3542819917201996
5442,2040,5954,0.35420939326286316
5443,2040,2588,0.3541983664035797
5444,2040,4960,0.35409945249557495
5445,2040,3124,0.3540269434452057
5446,2040,2168,0.35401651263237
5447,2040,1588,0.3538578748703003
5448,2040,663,0.3538288474082947
5449,2040,6091,0.3538252115249634
5450,2040,3828,0.3537293076515198
5451,2040,1019,0.3537048399448395
5452,2040,1266,0.3536786735057831
5453,2040,51,0.3535454273223877
5454,2040,5851,0.3535138964653015
5455,2040,2135,0.3534521162509918
5456,2040,4750,0.3534378707408905
5457,2040,435,0.3531768321990967
5458,2040,1056,0.3530411124229431
5459,2040,3692,0.3528778553009033
5460,2040,4933,0.3528180718421936
5461,2040,2732,0.3527575731277466
5462,2040,5520,0.352740615606308
5463,2040,78,0.35263577103614807
5464,2040,562,0.35258013010025024
5465,2040,2279,0.35256513953208923
5466,2040,573,0.35246962308883667
5467,2040,289,0.35244226455688477
5468,2040,5234,0.3524366319179535
5469,2040,1656,0.3522997200489044
5470,2040,285,0.3522721529006958
5471,2040,4727,0.35225531458854675
5472,2040,3318,0.3521435260772705
5473,2040,4030,0.3521047532558441
5474,2040,3082,0.3519640564918518
5475,2040,402,0.35193681716918945
5476,2040,1383,0.3519051969051361
5477,2040,5600,0.35183611512184143
5478,2040,4704,0.35182321071624756
5479,2040,5554,0.351787805557251
5480,2040,4606,0.35178399085998535
5481,2040,5536,0.35174596309661865
5482,2040,4651,0.3517264723777771
5483,2040,5111,0.3516986072063446
5484,2040,5071,0.35166212916374207
5485,2040,578,0.3516484498977661
5486,2040,3400,0.3516160547733307
5487,2040,890,0.3515564203262329
5488,2040,638,0.35143765807151794
5489,2040,4335,0.3514000177383423
5490,2040,1129,0.3513897955417633
5491,2040,5398,0.3513556718826294
5492,2040,764,0.3513346314430237
5493,2040,2824,0.35124218463897705
5494,2040,5037,0.3512360155582428
5495,2040,448,0.35116899013519287
5496,2040,2594,0.35116520524024963
5497,2040,2706,0.35112264752388
5498,2040,1179,0.35083332657814026
5499,2040,121,0.3508214056491852
5500,2040,965,0.35081830620765686
5501,2040,4639,0.3507753908634186
5502,2040,103,0.3507588803768158
5503,2040,4558,0.3506941795349121
5504,2040,3638,0.35068947076797485
5505,2040,5350,0.35061922669410706
5506,2040,480,0.3505558967590332
5507,2040,4979,0.35055112838745117
5508,2040,3210,0.3505501449108124
5509,2040,3298,0.35049188137054443
5510,2040,2906,0.35043346881866455
5511,2040,5686,0.350345253944397
5512,2040,1290,0.3501710295677185
5513,2040,2376,0.3501170873641968
5514,2040,616,0.35005873441696167
5515,2040,1709,0.35002484917640686
5516,2040,1943,0.34984877705574036
5517,2040,3907,0.34983640909194946
5518,2040,5583,0.34980323910713196
5519,2040,332,0.34980255365371704
5520,2040,6048,0.3497355878353119
5521,2040,2590,0.3497292399406433
5522,2040,5137,0.3496900200843811
5523,2040,3401,0.3496533930301666
5524,2040,1655,0.3496429920196533
5525,2040,5265,0.34959450364112854
5526,2040,5314,0.3495854437351227
5527,2040,2100,0.34956470131874084
5528,2040,5189,0.3495325744152069
5529,2040,2771,0.3494358956813812
5530,2040,4670,0.3494192659854889
5531,2040,6318,0.3494083285331726
5532,2040,5087,0.3493480980396271
5533,2040,2346,0.34929317235946655
5534,2040,1762,0.34926217794418335
5535,2040,4484,0.34915611147880554
5536,2040,2605,0.3491452932357788
5537,2040,5238,0.3489542603492737
5538,2040,4730,0.34892454743385315
5539,2040,126,0.3489111363887787
5540,2040,1074,0.3487613797187805
5541,2040,4652,0.3486458957195282
5542,2040,3001,0.3485563397407532
5543,2040,1246,0.3485327661037445
5544,2040,3408,0.34851714968681335
5545,2040,5453,0.34851548075675964
5546,2040,2462,0.3484562039375305
5547,2040,2280,0.3483571410179138
5548,2040,5264,0.34830719232559204
5549,2040,4726,0.34830179810523987
5550,2040,342,0.34814831614494324
5551,2040,6383,0.34808149933815
5552,2040,2156,0.34805095195770264
5553,2040,5933,0.3479604721069336
5554,2040,6139,0.34795430302619934
5555,2040,3177,0.34790095686912537
5556,2040,585,0.3477177917957306
5557,2040,4851,0.34759438037872314
5558,2040,967,0.3475663959980011
5559,2040,6150,0.3475368916988373
5560,2040,3595,0.347481369972229
5561,2040,1511,0.34744492173194885
5562,2040,2667,0.3471716046333313
5563,2040,485,0.3471706509590149
5564,2040,4410,0.3471420705318451
5565,2040,2283,0.34706440567970276
5566,2040,460,0.34704500436782837
5567,2040,1589,0.3469949960708618
5568,2040,4509,0.34698858857154846
5569,2040,4771,0.3469603955745697
5570,2040,1445,0.34695109724998474
5571,2040,4421,0.3469032049179077
5572,2040,5454,0.34676456451416016
5573,2040,5076,0.34655702114105225
5574,2040,1042,0.34651291370391846
5575,2040,3848,0.3464725911617279
5576,2040,1248,0.34645557403564453
5577,2040,1823,0.3463519811630249
5578,2040,297,0.3463338017463684
5579,2040,2127,0.3462584614753723
5580,2040,4505,0.3462251126766205
5581,2040,3084,0.34608447551727295
5582,2040,6232,0.3460201919078827
5583,2040,313,0.3459967076778412
5584,2040,6294,0.3459377586841583
5585,2040,898,0.3457992970943451
5586,2040,1759,0.3456924855709076
5587,2040,1153,0.3456698954105377
5588,2040,4560,0.3455751836299896
5589,2040,6217,0.3455592393875122
5590,2040,1730,0.3455050587654114
5591,2040,604,0.34547874331474304
5592,2040,617,0.34543460607528687
5593,2040,6281,0.34507715702056885
5594,2040,4319,0.34498536586761475
5595,2040,4640,0.3449806869029999
5596,2040,1741,0.34495994448661804
5597,2040,86,0.34493282437324524
5598,2040,6346,0.3449312448501587
5599,2040,4837,0.3449097275733948
5600,2040,5987,0.3448549211025238
5601,2040,2718,0.3447950482368469
5602,2040,4241,0.34478405117988586
5603,2040,5482,0.3447505533695221
5604,2040,3412,0.34473714232444763
5605,2040,1003,0.3447127938270569
5606,2040,2729,0.34465035796165466
5607,2040,1857,0.344585120677948
5608,2040,5248,0.3445563018321991
5609,2040,3102,0.3445499539375305
5610,2040,4210,0.34427422285079956
5611,2040,3926,0.3442578613758087
5612,2040,5738,0.34410586953163147
5613,2040,2877,0.34406712651252747
5614,2040,2641,0.3440423607826233
5615,2040,6329,0.34389442205429077
5616,2040,5463,0.3438943922519684
5617,2040,6165,0.3438551723957062
5618,2040,4133,0.34385213255882263
5619,2040,24,0.3438008427619934
5620,2040,5566,0.34371259808540344
5621,2040,4032,0.34368327260017395
5622,2040,4824,0.343586802482605
5623,2040,5959,0.3435385823249817
5624,2040,935,0.3434840440750122
5625,2040,5823,0.34348204731941223
5626,2040,4578,0.3434758186340332
5627,2040,1401,0.3434748947620392
5628,2040,4311,0.34347257018089294
5629,2040,3125,0.3434572219848633
5630,2040,42,0.34341883659362793
5631,2040,4018,0.3433505892753601
5632,2040,5226,0.3432793617248535
5633,2040,2823,0.34303951263427734
5634,2040,1022,0.34295156598091125
5635,2040,813,0.3429114520549774
5636,2040,5905,0.34261006116867065
5637,2040,5182,0.342592716217041
5638,2040,998,0.34236010909080505
5639,2040,5480,0.34234535694122314
5640,2040,888,0.3422069549560547
5641,2040,3750,0.34220007061958313
5642,2040,1464,0.34218090772628784
5643,2040,1306,0.3419664204120636
5644,2040,6371,0.3419414162635803
5645,2040,427,0.3419215679168701
5646,2040,6012,0.3418367803096771
5647,2040,5741,0.3416158854961395
5648,2040,783,0.3414536118507385
5649,2040,6204,0.34137409925460815
5650,2040,5396,0.34135398268699646
5651,2040,3545,0.3413500189781189
5652,2040,2348,0.34133782982826233
5653,2040,295,0.3413088917732239
5654,2040,4440,0.3413040041923523
5655,2040,4263,0.3410264849662781
5656,2040,895,0.340882271528244
5657,2040,1407,0.3408375084400177
5658,2040,682,0.3407934010028839
5659,2040,3247,0.34073448181152344
5660,2040,2579,0.3406994640827179
5661,2040,3923,0.3405832052230835
5662,2040,1844,0.3405700623989105
5663,2040,4989,0.34051239490509033
5664,2040,3205,0.34041285514831543
5665,2040,1598,0.340303897857666
5666,2040,964,0.3403015732765198
5667,2040,3763,0.34025663137435913
5668,2040,2381,0.34009331464767456
5669,2040,3889,0.34008029103279114
5670,2040,5423,0.3398164212703705
5671,2040,6397,0.3397838771343231
5672,2040,1473,0.33977410197257996
5673,2040,5372,0.339733362197876
5674,2040,2644,0.33972668647766113
5675,2040,3017,0.3397243618965149
5676,2040,5365,0.33963626623153687
5677,2040,5640,0.33959800004959106
5678,2040,177,0.3395405113697052
5679,2040,3929,0.3393721580505371
5680,2040,4605,0.3390549421310425
5681,2040,1518,0.33885458111763
5682,2040,1749,0.3388185501098633
5683,2040,2536,0.3387490510940552
5684,2040,5474,0.33872005343437195
5685,2040,5153,0.33865800499916077
5686,2040,901,0.33837589621543884
5687,2040,5381,0.3382483422756195
5688,2040,5195,0.3381343483924866
5689,2040,2819,0.33801883459091187
5690,2040,3850,0.3378968834877014
5691,2040,1127,0.33781376481056213
5692,2040,516,0.3376963138580322
5693,2040,3161,0.33755090832710266
5694,2040,5149,0.33743467926979065
5695,2040,279,0.3373238146305084
5696,2040,1262,0.337259441614151
5697,2040,1811,0.3372429311275482
5698,2040,1982,0.337212473154068
5699,2040,1014,0.3371478319168091
5700,2040,760,0.3370421826839447
5701,2040,302,0.3368871212005615
5702,2040,2671,0.33680278062820435
5703,2040,5081,0.3365931808948517
5704,2040,1505,0.33654865622520447
5705,2040,5986,0.3364894986152649
5706,2040,2938,0.336459219455719
5707,2040,5348,0.3363262712955475
5708,2040,3233,0.3362705409526825
5709,2040,4471,0.33620786666870117
5710,2040,170,0.336099773645401
5711,2040,288,0.33607858419418335
5712,2040,612,0.33607083559036255
5713,2040,306,0.33604902029037476
5714,2040,6053,0.3360133767127991
5715,2040,491,0.3359598219394684
5716,2040,2974,0.3357881009578705
5717,2040,5323,0.33555492758750916
5718,2040,4632,0.3354572355747223
5719,2040,6122,0.3354050815105438
5720,2040,3390,0.3353573977947235
5721,2040,138,0.33533239364624023
5722,2040,4476,0.33530524373054504
5723,2040,5682,0.33520209789276123
5724,2040,5112,0.33514758944511414
5725,2040,5828,0.3351284861564636
5726,2040,3948,0.3351230025291443
5727,2040,1740,0.3351144790649414
5728,2040,5992,0.33507534861564636
5729,2040,4904,0.3350105285644531
5730,2040,356,0.3349649906158447
5731,2040,5729,0.3349301218986511
5732,2040,1775,0.3349238932132721
5733,2040,1260,0.33492138981819153
5734,2040,1753,0.334895521402359
5735,2040,1661,0.33488601446151733
5736,2040,3359,0.3348597586154938
5737,2040,5298,0.33477985858917236
5738,2040,1368,0.33469220995903015
5739,2040,5861,0.33461999893188477
5740,2040,2607,0.33459553122520447
5741,2040,5329,0.3345852792263031
5742,2040,2030,0.33454981446266174
5743,2040,5970,0.3345041275024414
5744,2040,4805,0.33448708057403564
5745,2040,3450,0.3344235420227051
5746,2040,2712,0.3343857526779175
5747,2040,686,0.33421143889427185
5748,2040,615,0.33399707078933716
5749,2040,2211,0.3339799642562866
5750,2040,5072,0.3337330222129822
5751,2040,4612,0.3336808383464813
5752,2040,668,0.33362001180648804
5753,2040,4532,0.33357203006744385
5754,2040,5082,0.3335682153701782
5755,2040,1431,0.3335408866405487
5756,2040,5383,0.3335137367248535
5757,2040,4439,0.3334003984928131
5758,2040,79,0.33329305052757263
5759,2040,558,0.33324453234672546
5760,2040,1182,0.33319753408432007
5761,2040,2319,0.33315443992614746
5762,2040,5690,0.33312228322029114
5763,2040,3891,0.333119660615921
5764,2040,1398,0.33288508653640747
5765,2040,1198,0.332817405462265
5766,2040,1747,0.33252573013305664
5767,2040,2720,0.33239251375198364
5768,2040,3913,0.33227449655532837
5769,2040,1051,0.33199962973594666
5770,2040,3119,0.3318895995616913
5771,2040,4921,0.3318382501602173
5772,2040,467,0.3318089544773102
5773,2040,548,0.3317408561706543
5774,2040,1726,0.3317112326622009
5775,2040,4272,0.3316761553287506
5776,2040,3900,0.33163022994995117
5777,2040,422,0.3315598964691162
5778,2040,3041,0.3314153254032135
5779,2040,6199,0.33135682344436646
5780,2040,5296,0.33130377531051636
5781,2040,4908,0.331264853477478
5782,2040,4934,0.3311489224433899
5783,2040,2351,0.33114850521087646
5784,2040,672,0.3310298025608063
5785,2040,2317,0.3309478461742401
5786,2040,6090,0.33091071248054504
5787,2040,5535,0.33087167143821716
5788,2040,1267,0.33079248666763306
5789,2040,5796,0.33074936270713806
5790,2040,4394,0.3306746482849121
5791,2040,3999,0.3304857015609741
5792,2040,5742,0.33045637607574463
5793,2040,4707,0.3304555416107178
5794,2040,4075,0.3304417133331299
5795,2040,4041,0.3304201364517212
5796,2040,2737,0.33028000593185425
5797,2040,613,0.3302293121814728
5798,2040,3495,0.3302049934864044
5799,2040,1372,0.33015409111976624
5800,2040,735,0.3298814594745636
5801,2040,3892,0.3298298418521881
5802,2040,2470,0.32959914207458496
5803,2040,4472,0.32948797941207886
5804,2040,5003,0.3292965292930603
5805,2040,625,0.3292953073978424
5806,2040,180,0.3292606770992279
5807,2040,3191,0.32918858528137207
5808,2040,2853,0.3289315402507782
5809,2040,2518,0.32891982793807983
5810,2040,5505,0.32887503504753113
5811,2040,840,0.32882583141326904
5812,2040,5370,0.3287934958934784
5813,2040,1170,0.32853031158447266
5814,2040,1059,0.328512966632843
5815,2040,4974,0.3283609449863434
5816,2040,882,0.3283059000968933
5817,2040,5170,0.32827258110046387
5818,2040,4789,0.32824456691741943
5819,2040,5503,0.32815319299697876
5820,2040,5457,0.328060507774353
5821,2040,992,0.32804322242736816
5822,2040,2869,0.3276607394218445
5823,2040,1677,0.32764387130737305
5824,2040,3702,0.32756730914115906
5825,2040,4821,0.3275172710418701
5826,2040,3777,0.3275148272514343
5827,2040,4222,0.32749712467193604
5828,2040,3306,0.32742640376091003
5829,2040,4496,0.3273668587207794
5830,2040,1928,0.32733848690986633
5831,2040,4403,0.32732945680618286
5832,2040,2497,0.3273283541202545
5833,2040,179,0.3272794485092163
5834,2040,4734,0.3271919786930084
5835,2040,3188,0.3271697759628296
5836,2040,3699,0.3270467221736908
5837,2040,2539,0.3270340859889984
5838,2040,1678,0.327029287815094
5839,2040,6203,0.3270106017589569
5840,2040,3019,0.32687658071517944
5841,2040,6359,0.3268558979034424
5842,2040,355,0.32647228240966797
5843,2040,2544,0.3263033926486969
5844,2040,572,0.3262700140476227
5845,2040,4007,0.3262120485305786
5846,2040,684,0.3261096775531769
5847,2040,3319,0.3260835111141205
5848,2040,2773,0.32603996992111206
5849,2040,1720,0.3260131776332855
5850,2040,4433,0.32600778341293335
5851,2040,5440,0.32596877217292786
5852,2040,1685,0.3258410394191742
5853,2040,2846,0.32566991448402405
5854,2040,761,0.3256543278694153
5855,2040,111,0.3255533277988434
5856,2040,3732,0.32545796036720276
5857,2040,5263,0.3254300057888031
5858,2040,5947,0.325406551361084
5859,2040,6173,0.32537680864334106
5860,2040,4303,0.3253684639930725
5861,2040,2743,0.3253055512905121
5862,2040,119,0.3251999318599701
5863,2040,2138,0.3251892030239105
5864,2040,2265,0.325123131275177
5865,2040,4611,0.3251131474971771
5866,2040,978,0.3249804675579071
5867,2040,563,0.3249571919441223
5868,2040,1607,0.324955016374588
5869,2040,3649,0.3248588740825653
5870,2040,4813,0.3247884213924408
5871,2040,1605,0.32461968064308167
5872,2040,5282,0.324515700340271
5873,2040,2124,0.3243970572948456
5874,2040,1686,0.32414278388023376
5875,2040,3456,0.32406550645828247
5876,2040,1426,0.3239387273788452
5877,2040,5930,0.32389965653419495
5878,2040,6143,0.3238602578639984
5879,2040,5852,0.32382166385650635
5880,2040,570,0.32373344898223877
5881,2040,495,0.3237302601337433
5882,2040,5762,0.3235693871974945
5883,2040,3590,0.32354500889778137
5884,2040,4448,0.3235447406768799
5885,2040,1731,0.32354265451431274
5886,2040,1136,0.3234778344631195
5887,2040,3269,0.3234032094478607
5888,2040,147,0.3232485353946686
5889,2040,1745,0.3229774534702301
5890,2040,6263,0.32290416955947876
5891,2040,3131,0.3228624761104584
5892,2040,1178,0.32277196645736694
5893,2040,5091,0.32272106409072876
5894,2040,4196,0.3225919008255005
5895,2040,4626,0.3225467801094055
5896,2040,950,0.3225369155406952
5897,2040,3020,0.32240888476371765
5898,2040,5155,0.3223722577095032
5899,2040,3673,0.3222947120666504
5900,2040,4511,0.32223713397979736
5901,2040,4537,0.32206955552101135
5902,2040,4937,0.32198798656463623
5903,2040,3329,0.32174697518348694
5904,2040,6236,0.3215530216693878
5905,2040,2818,0.32151857018470764
5906,2040,751,0.32146155834198
5907,2040,3540,0.321367084980011
5908,2040,975,0.32119810581207275
5909,2040,6340,0.32115089893341064
5910,2040,3940,0.3211270272731781
5911,2040,5923,0.3209787607192993
5912,2040,5401,0.3207763433456421
5913,2040,2740,0.3207453489303589
5914,2040,6,0.3206290900707245
5915,2040,5484,0.32061532139778137
5916,2040,6347,0.32061079144477844
5917,2040,4595,0.3205547034740448
5918,2040,1410,0.32043972611427307
5919,2040,2951,0.32041850686073303
5920,2040,290,0.3203842341899872
5921,2040,1417,0.3203752934932709
5922,2040,4503,0.32027530670166016
5923,2040,603,0.3202338218688965
5924,2040,4567,0.3201702833175659
5925,2040,4709,0.32009997963905334
5926,2040,5490,0.3200950622558594
5927,2040,248,0.3199441432952881
5928,2040,1723,0.3198307752609253
5929,2040,3173,0.31979450583457947
5930,2040,1804,0.31975576281547546
5931,2040,716,0.3194952607154846
5932,2040,158,0.3193887770175934
5933,2040,4825,0.31935104727745056
5934,2040,3847,0.31909820437431335
5935,2040,5824,0.31902337074279785
5936,2040,5318,0.31882986426353455
5937,2040,2719,0.31844988465309143
5938,2040,6223,0.3184259533882141
5939,2040,3782,0.3182518482208252
5940,2040,1862,0.31813108921051025
5941,2040,1599,0.3181079626083374
5942,2040,1101,0.3179851174354553
5943,2040,5460,0.3178234398365021
5944,2040,1257,0.31780949234962463
5945,2040,6278,0.3176459074020386
5946,2040,589,0.3175433278083801
5947,2040,1724,0.31748631596565247
5948,2040,3198,0.31745031476020813
5949,2040,6119,0.317405104637146
5950,2040,6111,0.3173888623714447
5951,2040,1330,0.3173460364341736
5952,2040,6144,0.3172409236431122
5953,2040,1734,0.31707632541656494
5954,2040,6088,0.3170264661312103
5955,2040,1000,0.3170236647129059
5956,2040,994,0.31647059321403503
5957,2040,5967,0.31638747453689575
5958,2040,6207,0.3163801431655884
5959,2040,3560,0.3163328170776367
5960,2040,4104,0.3163071870803833
5961,2040,22,0.31595951318740845
5962,2040,6209,0.31594228744506836
5963,2040,5159,0.3159169554710388
5964,2040,4955,0.3156661093235016
5965,2040,4977,0.3156467378139496
5966,2040,3771,0.3155803978443146
5967,2040,6037,0.315558522939682
5968,2040,4288,0.31553831696510315
5969,2040,3644,0.31547027826309204
5970,2040,4569,0.315469890832901
5971,2040,1748,0.31536561250686646
5972,2040,5898,0.3152417242527008
5973,2040,1090,0.315192312002182
5974,2040,3139,0.3151920735836029
5975,2040,6272,0.31508100032806396
5976,2040,1098,0.3150204122066498
5977,2040,1756,0.31496351957321167
5978,2040,4492,0.31493690609931946
5979,2040,2586,0.3148380219936371
5980,2040,596,0.3148040771484375
5981,2040,4819,0.31476545333862305
5982,2040,3818,0.31468549370765686
5983,2040,3943,0.3146628141403198
5984,2040,6218,0.3143608868122101
5985,2040,3561,0.314332515001297
5986,2040,3719,0.31414076685905457
5987,2040,2899,0.3140576183795929
5988,2040,2589,0.31395354866981506
5989,2040,4539,0.3138945400714874
5990,2040,3208,0.3136186897754669
5991,2040,1807,0.3135489225387573
5992,2040,899,0.31354135274887085
5993,2040,1263,0.31351879239082336
5994,2040,1736,0.3134659230709076
5995,2040,537,0.3134496212005615
5996,2040,5538,0.3134038746356964
5997,2040,869,0.31338417530059814
5998,2040,2794,0.31335222721099854
5999,2040,4401,0.3130377233028412
6000,2040,3151,0.3124953806400299
6001,2040,4540,0.3123661279678345
6002,2040,2871,0.3123422861099243
6003,2040,3008,0.31233060359954834
6004,2040,4623,0.31228578090667725
6005,2040,3760,0.3121694326400757
6006,2040,4258,0.31211498379707336
6007,2040,2691,0.31211036443710327
6008,2040,4981,0.3118683993816376
6009,2040,1891,0.3117447793483734
6010,2040,3773,0.31156203150749207
6011,2040,4412,0.3112890422344208
6012,2040,524,0.31121811270713806
6013,2040,2353,0.3111322522163391
6014,2040,6221,0.3110976219177246
6015,2040,350,0.31102362275123596
6016,2040,1012,0.3110111951828003
6017,2040,5727,0.31094521284103394
6018,2040,3209,0.3109138011932373
6019,2040,883,0.3106287121772766
6020,2040,1558,0.3106217682361603
6021,2040,5794,0.3103916049003601
6022,2040,2797,0.3102409243583679
6023,2040,5506,0.3101024925708771
6024,2040,510,0.3100984990596771
6025,2040,3946,0.3100176453590393
6026,2040,593,0.3099329173564911
6027,2040,2268,0.30990296602249146
6028,2040,4749,0.3097127079963684
6029,2040,3803,0.30950289964675903
6030,2040,1688,0.3094920814037323
6031,2040,2725,0.3092573881149292
6032,2040,3251,0.30906927585601807
6033,2040,4594,0.30900663137435913
6034,2040,5247,0.3088237941265106
6035,2040,5303,0.3087882101535797
6036,2040,5285,0.30866608023643494
6037,2040,2856,0.30859309434890747
6038,2040,282,0.30815389752388
6039,2040,4692,0.30814918875694275
6040,2040,2804,0.308075487613678
6041,2040,4037,0.3080010414123535
6042,2040,3422,0.3077731132507324
6043,2040,3060,0.30771955847740173
6044,2040,851,0.30755123496055603
6045,2040,4434,0.30754193663597107
6046,2040,3626,0.3074311316013336
6047,2040,5675,0.3073723018169403
6048,2040,2722,0.30719491839408875
6049,2040,3598,0.30712586641311646
6050,2040,3270,0.30695101618766785
6051,2040,1732,0.3067701756954193
6052,2040,1757,0.3067658841609955
6053,2040,4551,0.30666384100914
6054,2040,82,0.30656516551971436
6055,2040,2920,0.30613088607788086
6056,2040,2860,0.3061225116252899
6057,2040,1907,0.3060770034790039
6058,2040,5375,0.3060338795185089
6059,2040,3121,0.30594900250434875
6060,2040,5110,0.30581429600715637
6061,2040,5436,0.3057761788368225
6062,2040,4108,0.3056532144546509
6063,2040,209,0.30562758445739746
6064,2040,580,0.3055229187011719
6065,2040,564,0.3054797947406769
6066,2040,4721,0.3053481876850128
6067,2040,1760,0.30505746603012085
6068,2040,1310,0.3049890100955963
6069,2040,6241,0.30482178926467896
6070,2040,5161,0.3047637641429901
6071,2040,2982,0.30474910140037537
6072,2040,4127,0.304425448179245
6073,2040,5229,0.3041873872280121
6074,2040,4720,0.3040526509284973
6075,2040,1604,0.3039391040802002
6076,2040,3483,0.3035039007663727
6077,2040,1030,0.30333587527275085
6078,2040,1394,0.3033149242401123
6079,2040,5313,0.3031385838985443
6080,2040,3405,0.3030412793159485
6081,2040,568,0.3027343451976776
6082,2040,6322,0.3024074137210846
6083,2040,3429,0.3023384213447571
6084,2040,3382,0.30230966210365295
6085,2040,5275,0.30225545167922974
6086,2040,1406,0.3018667697906494
6087,2040,2874,0.30182766914367676
6088,2040,6050,0.3017376959323883
6089,2040,3868,0.3017149865627289
6090,2040,5279,0.30149272084236145
6091,2040,5312,0.3014713525772095
6092,2040,4077,0.3014501929283142
6093,2040,6291,0.30140817165374756
6094,2040,2908,0.3012309968471527
6095,2040,90,0.30116015672683716
6096,2040,319,0.3011394739151001
6097,2040,614,0.30104830861091614
6098,2040,5449,0.30102983117103577
6099,2040,368,0.3009636104106903
6100,2040,2689,0.3009451627731323
6101,2040,75,0.3005843758583069
6102,2040,1681,0.3005608916282654
6103,2040,551,0.3005066514015198
6104,2040,3211,0.3004232347011566
6105,2040,1291,0.3001304566860199
6106,2040,3778,0.29991888999938965
6107,2040,1095,0.29988765716552734
6108,2040,6120,0.2998352348804474
6109,2040,2735,0.29981186985969543
6110,2040,2602,0.2994673252105713
6111,2040,1430,0.29929858446121216
6112,2040,10,0.29928311705589294
6113,2040,1727,0.2990666627883911
6114,2040,5692,0.29898926615715027
6115,2040,6070,0.298932284116745
6116,2040,5785,0.2989182770252228
6117,2040,6271,0.2988836169242859
6118,2040,35,0.2987782061100006
6119,2040,3672,0.2987699508666992
6120,2040,5472,0.2987147569656372
6121,2040,4614,0.29860514402389526
6122,2040,2739,0.2983907163143158
6123,2040,1336,0.2982683777809143
6124,2040,5925,0.2981964945793152
6125,2040,1658,0.29812920093536377
6126,2040,3689,0.2980198562145233
6127,2040,1108,0.29797425866127014
6128,2040,4118,0.2979736030101776
6129,2040,5575,0.297748327255249
6130,2040,4516,0.29750433564186096
6131,2040,3658,0.29745253920555115
6132,2040,5984,0.29729804396629333
6133,2040,544,0.29721546173095703
6134,2040,2963,0.29714128375053406
6135,2040,847,0.29711756110191345
6136,2040,1395,0.2970541715621948
6137,2040,1366,0.29687729477882385
6138,2040,2558,0.2968400716781616
6139,2040,3293,0.29654353857040405
6140,2040,341,0.2964853346347809
6141,2040,1667,0.29628506302833557
6142,2040,2673,0.2962033152580261
6143,2040,1264,0.2961576282978058
6144,2040,1256,0.2961253225803375
6145,2040,2889,0.2958791255950928
6146,2040,1180,0.29575178027153015
6147,2040,5475,0.2953854203224182
6148,2040,2868,0.2953500747680664
6149,2040,3048,0.2952803671360016
6150,2040,5090,0.29514312744140625
6151,2040,1144,0.29511603713035583
6152,2040,5953,0.2950824499130249
6153,2040,5456,0.2950557470321655
6154,2040,4177,0.2949042022228241
6155,2040,4752,0.2949003279209137
6156,2040,3180,0.2948230504989624
6157,2040,5746,0.2947082817554474
6158,2040,2882,0.2947065234184265
6159,2040,2244,0.2946441173553467
6160,2040,3204,0.29462766647338867
6161,2040,1696,0.2944674789905548
6162,2040,1282,0.2944306433200836
6163,2040,3174,0.2942787706851959
6164,2040,6189,0.29398220777511597
6165,2040,1705,0.293804407119751
6166,2040,1199,0.293793261051178
6167,2040,175,0.29357925057411194
6168,2040,4660,0.2934776842594147
6169,2040,1701,0.29341450333595276
6170,2040,3539,0.29324233531951904
6171,2040,3783,0.2932344377040863
6172,2040,5966,0.29322361946105957
6173,2040,822,0.2931409180164337
6174,2040,4271,0.29279500246047974
6175,2040,1754,0.29274994134902954
6176,2040,5473,0.29263800382614136
6177,2040,5862,0.29254698753356934
6178,2040,4617,0.2925407886505127
6179,2040,1713,0.2922350764274597
6180,2040,6234,0.2921452522277832
6181,2040,1586,0.2920910120010376
6182,2040,5403,0.2920737564563751
6183,2040,5999,0.2920268476009369
6184,2040,4798,0.29200220108032227
6185,2040,740,0.29197606444358826
6186,2040,3997,0.2917105257511139
6187,2040,2139,0.2916771471500397
6188,2040,1865,0.29150986671447754
6189,2040,4696,0.29131466150283813
6190,2040,800,0.29109928011894226
6191,2040,2805,0.29099705815315247
6192,2040,2599,0.29098638892173767
6193,2040,3226,0.29089635610580444
6194,2040,1718,0.29069340229034424
6195,2040,5304,0.2906550467014313
6196,2040,4458,0.29059451818466187
6197,2040,3947,0.2904914617538452
6198,2040,4195,0.2904818058013916
6199,2040,5340,0.29044902324676514
6200,2040,6001,0.29043519496917725
6201,2040,6107,0.2902767062187195
6202,2040,5239,0.2899108827114105
6203,2040,5833,0.2898460626602173
6204,2040,217,0.289567768573761
6205,2040,4444,0.28909242153167725
6206,2040,4239,0.28859251737594604
6207,2040,5428,0.28857073187828064
6208,2040,1459,0.28850501775741577
6209,2040,3779,0.28845730423927307
6210,2040,5657,0.2883913815021515
6211,2040,2366,0.2881857454776764
6212,2040,3148,0.28809186816215515
6213,2040,5943,0.28801390528678894
6214,2040,6176,0.28784632682800293
6215,2040,48,0.28782403469085693
6216,2040,1859,0.287812203168869
6217,2040,1351,0.2877836227416992
6218,2040,4126,0.2875669002532959
6219,2040,6154,0.28747668862342834
6220,2040,5410,0.2874634861946106
6221,2040,586,0.2872406244277954
6222,2040,3895,0.28711578249931335
6223,2040,6239,0.2868283689022064
6224,2040,3671,0.28669196367263794
6225,2040,1744,0.2865503132343292
6226,2040,814,0.2865237891674042
6227,2040,1099,0.2864890396595001
6228,2040,3833,0.28643447160720825
6229,2040,1729,0.2863596975803375
6230,2040,3766,0.28630849719047546
6231,2040,257,0.28586259484291077
6232,2040,4398,0.2858201563358307
6233,2040,5743,0.2857606112957001
6234,2040,5517,0.28527766466140747
6235,2040,556,0.28524407744407654
6236,2040,2431,0.2852337956428528
6237,2040,621,0.2851244807243347
6238,2040,3804,0.28502845764160156
6239,2040,3882,0.28427228331565857
6240,2040,1722,0.28421422839164734
6241,2040,3563,0.2841669023036957
6242,2040,4470,0.2837418019771576
6243,2040,4587,0.2837342917919159
6244,2040,3993,0.28367263078689575
6245,2040,6367,0.28366145491600037
6246,2040,5230,0.2835460305213928
6247,2040,4748,0.2835186719894409
6248,2040,4491,0.28318366408348083
6249,2040,3013,0.28313353657722473
6250,2040,3602,0.28295135498046875
6251,2040,4526,0.2827604115009308
6252,2040,1710,0.2823944687843323
6253,2040,4857,0.2822374701499939
6254,2040,1689,0.2822297513484955
6255,2040,4,0.28222328424453735
6256,2040,4520,0.28207919001579285
6257,2040,3840,0.2819979786872864
6258,2040,3841,0.2819979786872864
6259,2040,2393,0.2818288207054138
6260,2040,3666,0.2817612886428833
6261,2040,3335,0.2811651825904846
6262,2040,3956,0.280956894159317
6263,2040,1292,0.28076690435409546
6264,2040,2791,0.2806956470012665
6265,2040,519,0.2805783748626709
6266,2040,1735,0.2805537283420563
6267,2040,5466,0.2802738547325134
6268,2040,3305,0.280141144990921
6269,2040,4541,0.2797384262084961
6270,2040,83,0.279373437166214
6271,2040,5644,0.27924004197120667
6272,2040,4571,0.279239296913147
6273,2040,5146,0.279045045375824
6274,2040,1026,0.2789890468120575
6275,2040,3944,0.2784818708896637
6276,2040,2905,0.2781286835670471
6277,2040,2870,0.2780918478965759
6278,2040,600,0.2777714431285858
6279,2040,3034,0.277416467666626
6280,2040,587,0.2773222029209137
6281,2040,5283,0.27728337049484253
6282,2040,1694,0.27702489495277405
6283,2040,1672,0.2769932746887207
6284,2040,1725,0.2769698202610016
6285,2040,5315,0.2769337594509125
6286,2040,5333,0.27677085995674133
6287,2040,5334,0.27677085995674133
6288,2040,1578,0.27677085995674133
6289,2040,102,0.27677085995674133
6290,2040,2342,0.27677085995674133
6291,2040,6198,0.27677085995674133
6292,2040,3876,0.27677085995674133
6293,2040,3584,0.27677085995674133
6294,2040,1683,0.27677085995674133
6295,2040,3550,0.27677085995674133
6296,2040,3757,0.27677085995674133
6297,2040,344,0.27677085995674133
6298,2040,2917,0.27677085995674133
6299,2040,1071,0.27677085995674133
6300,2040,4690,0.27677085995674133
6301,2040,5043,0.27677085995674133
6302,2040,4622,0.27677085995674133
6303,2040,3576,0.27677085995674133
6304,2040,3795,0.27677085995674133
6305,2040,2929,0.27677085995674133
6306,2040,1043,0.27677085995674133
6307,2040,1583,0.27677085995674133
6308,2040,3780,0.27677085995674133
6309,2040,5121,0.27677085995674133
6310,2040,2911,0.27677085995674133
6311,2040,3271,0.27677085995674133
6312,2040,13,0.27677085995674133
6313,2040,4485,0.27633628249168396
6314,2040,2297,0.27625370025634766
6315,2040,3698,0.27620798349380493
6316,2040,4407,0.27600735425949097
6317,2040,312,0.2759069800376892
6318,2040,1009,0.2755555808544159
6319,2040,4589,0.27534517645835876
6320,2040,3404,0.27451953291893005
6321,2040,6098,0.27442067861557007
6322,2040,569,0.2742462754249573
6323,2040,59,0.27384382486343384
6324,2040,819,0.27351051568984985
6325,2040,1380,0.27334028482437134
6326,2040,3097,0.27284884452819824
6327,2040,4629,0.27269741892814636
6328,2040,2193,0.2726215422153473
6329,2040,3120,0.2726059556007385
6330,2040,966,0.2723246216773987
6331,2040,5080,0.2722630202770233
6332,2040,1712,0.2722226679325104
6333,2040,821,0.27183961868286133
6334,2040,1091,0.2716907262802124
6335,2040,5948,0.2714774012565613
6336,2040,5645,0.2713979184627533
6337,2040,4903,0.27125313878059387
6338,2040,4763,0.27109700441360474
6339,2040,3938,0.2708292603492737
6340,2040,5291,0.270654559135437
6341,2040,4722,0.2705129086971283
6342,2040,1708,0.27002331614494324
6343,2040,2784,0.26986199617385864
6344,2040,4416,0.2698417603969574
6345,2040,3781,0.26919370889663696
6346,2040,3199,0.26890498399734497
6347,2040,5845,0.26884013414382935
6348,2040,2775,0.26868391036987305
6349,2040,4221,0.26830026507377625
6350,2040,3258,0.2682194411754608
6351,2040,4828,0.2677742838859558
6352,2040,5557,0.267761766910553
6353,2040,4223,0.2676805555820465
6354,2040,868,0.266990602016449
6355,2040,5278,0.26674026250839233
6356,2040,2767,0.26663604378700256
6357,2040,4461,0.26618343591690063
6358,2040,3811,0.2660301625728607
6359,2040,2876,0.26589691638946533
6360,2040,567,0.26577460765838623
6361,2040,5358,0.2657680809497833
6362,2040,6137,0.26572251319885254
6363,2040,4891,0.26566269993782043
6364,2040,1717,0.2651870548725128
6365,2040,5206,0.26516836881637573
6366,2040,1432,0.26415902376174927
6367,2040,741,0.2638963460922241
6368,2040,5464,0.2636982798576355
6369,2040,5320,0.26332274079322815
6370,2040,5317,0.2632047235965729
6371,2040,3770,0.2630898952484131
6372,2040,56,0.26298457384109497
6373,2040,5791,0.26209452748298645
6374,2040,2162,0.26206424832344055
6375,2040,4217,0.26190418004989624
6376,2040,4888,0.2617410123348236
6377,2040,1719,0.26167717576026917
6378,2040,3224,0.26079219579696655
6379,2040,18,0.25954869389533997
6380,2040,1715,0.25892937183380127
6381,2040,977,0.25849613547325134
6382,2040,6240,0.25787365436553955
6383,2040,1020,0.25690940022468567
6384,2040,1738,0.2564844489097595
6385,2040,2665,0.2561723291873932
6386,2040,1714,0.2560856342315674
6387,2040,1138,0.2556353807449341
6388,2040,2813,0.2555446922779083
6389,2040,1750,0.25442060828208923
6390,2040,5324,0.25409433245658875
6391,2040,590,0.2534252405166626
6392,2040,4522,0.2530353367328644
6393,2040,5208,0.2522246241569519
6394,2040,2962,0.2515586316585541
6395,2040,1593,0.25139379501342773
6396,2040,1582,0.25139379501342773
6397,2040,629,0.2510867118835449
6398,2040,4336,0.25102072954177856
6399,2040,5184,0.24994058907032013
6400,2040,550,0.24958324432373047
6401,2040,3709,0.24880334734916687
6402,2040,52,0.24846918880939484
6403,2040,5102,0.24801130592823029
6404,2040,4414,0.24793845415115356
6405,2040,1185,0.24695369601249695
6406,2040,4762,0.24673111736774445
6407,2040,843,0.2466837763786316
6408,2040,499,0.24471698701381683
6409,2040,6129,0.24462179839611053
6410,2040,4356,0.24432441592216492
6411,2040,1728,0.24340438842773438
6412,2040,3922,0.24276705086231232
6413,2040,1721,0.24201293289661407
6414,2040,3935,0.24113069474697113
6415,2040,1089,0.24110545217990875
6416,2040,1739,0.23802128434181213
6417,2040,2946,0.2367253452539444
6418,2040,4637,0.23601077497005463
6419,2040,3556,0.23599255084991455
6420,2040,1752,0.23264792561531067
6421,2040,5670,0.2259196788072586
6422,2040,1746,0.22525490820407867
6423,2040,2601,0.22404737770557404
6424,2040,1711,0.21172372996807098
6425,2040,1100,0.20681270956993103
