,similarity,prod_num
0,1.0,1299
1,0.7209400534629822,1509
2,0.7073896527290344,1371
3,0.6937535405158997,1292
4,0.6854153275489807,963
5,0.6850525736808777,1426
6,0.6848021149635315,1375
7,0.683722198009491,1641
8,0.6747497320175171,1131
9,0.6721307635307312,1254
10,0.6703019738197327,1358
11,0.6690245270729065,955
12,0.6672614812850952,771
13,0.6650727391242981,1476
14,0.66104656457901,1796
15,0.6538403630256653,1450
16,0.6530337333679199,1243
17,0.6515200734138489,1274
18,0.6506110429763794,1527
19,0.6483649611473083,1339
20,0.6476435661315918,759
21,0.6472347974777222,1614
22,0.6470077037811279,935
23,0.6466745734214783,923
24,0.6452043056488037,1354
25,0.6422668099403381,1346
26,0.6420997977256775,1505
27,0.6417180299758911,1774
28,0.6415326595306396,911
29,0.6415223479270935,1585
30,0.6401079893112183,1436
31,0.6388709545135498,879
32,0.6331937909126282,1607
33,0.6324952840805054,1452
34,0.6316331028938293,1460
35,0.6309977173805237,1494
36,0.6295198798179626,1037
37,0.628034234046936,1617
38,0.6242185235023499,1373
39,0.6239803433418274,913
40,0.6234689354896545,922
41,0.6232638359069824,1386
42,0.6224677562713623,1288
43,0.6218600869178772,967
44,0.6215939521789551,1187
45,0.6202408075332642,1762
46,0.6200704574584961,909
47,0.6192808747291565,1486
48,0.6181069612503052,1286
49,0.618101179599762,1307
50,0.616836667060852,1178
51,0.6165844798088074,47
52,0.6162580847740173,1459
53,0.6148703694343567,1240
54,0.6147629022598267,1335
55,0.6137956976890564,1111
56,0.612751305103302,778
57,0.6114769577980042,1489
58,0.611257016658783,1429
59,0.6110668182373047,1434
60,0.6104520559310913,1532
61,0.6103017330169678,1583
62,0.6093844771385193,1430
63,0.6087536811828613,1268
64,0.608661949634552,1573
65,0.6070600152015686,1171
66,0.6064533591270447,1186
67,0.6060134172439575,1270
68,0.6050682067871094,375
69,0.6042051315307617,772
70,0.6038536429405212,1314
71,0.6037731766700745,1455
72,0.6033103466033936,217
73,0.6026726961135864,234
74,0.6022999882698059,1618
75,0.601744532585144,754
76,0.60166996717453,962
77,0.6010202765464783,96
78,0.6010011434555054,1658
79,0.6005803942680359,1360
80,0.5997881889343262,998
81,0.5990138053894043,1800
82,0.598633348941803,859
83,0.5979259610176086,11
84,0.5955621600151062,1281
85,0.5955193638801575,1705
86,0.5950728058815002,850
87,0.5950320959091187,1549
88,0.594552755355835,39
89,0.5940884947776794,1042
90,0.5935475826263428,1424
91,0.5933000445365906,1550
92,0.5932560563087463,1143
93,0.5924711227416992,1189
94,0.5921469926834106,1293
95,0.5911425352096558,1381
96,0.5909507870674133,1409
97,0.5909124612808228,1416
98,0.5903461575508118,940
99,0.5902507305145264,971
100,0.5900894999504089,1108
101,0.5896276831626892,1377
102,0.5894250273704529,729
103,0.5885578393936157,1229
104,0.5881397724151611,1644
105,0.5879133343696594,1279
106,0.5878748893737793,1368
107,0.587673544883728,1302
108,0.5875407457351685,1144
109,0.5873808264732361,933
110,0.5872048735618591,1512
111,0.5869079232215881,770
112,0.5861471891403198,1441
113,0.5860812067985535,18
114,0.5859140157699585,1643
115,0.5855334401130676,1167
116,0.5854235887527466,1753
117,0.5852487087249756,1777
118,0.5849400162696838,1205
119,0.5849184393882751,1731
120,0.5836430191993713,414
121,0.5830280780792236,1114
122,0.5825213193893433,1356
123,0.5825134515762329,706
124,0.5825024247169495,1099
125,0.5820798873901367,1110
126,0.5815051794052124,1136
127,0.5787617564201355,1735
128,0.5762724280357361,1112
129,0.5753678679466248,1168
130,0.5746132731437683,899
131,0.5743507742881775,1780
132,0.5743166208267212,752
133,0.5736274123191833,1185
134,0.5732518434524536,730
135,0.5728023052215576,1562
136,0.5727810859680176,1449
137,0.5721045732498169,1325
138,0.5716338157653809,1232
139,0.5713696479797363,1798
140,0.5713295340538025,1202
141,0.5705547332763672,426
142,0.5700812935829163,1692
143,0.570010244846344,1471
144,0.5697158575057983,1795
145,0.5691489577293396,1496
146,0.5688917636871338,980
147,0.56810462474823,968
148,0.5680789351463318,1697
149,0.5678795576095581,1587
150,0.567561149597168,900
151,0.5662393569946289,1411
152,0.5660611391067505,1138
153,0.5657756924629211,1308
154,0.5653680562973022,878
155,0.5646562576293945,1688
156,0.5645742416381836,1787
157,0.5632659196853638,1674
158,0.5629165172576904,725
159,0.5627552270889282,1103
160,0.5625692009925842,1757
161,0.5625255703926086,1313
162,0.5618851184844971,1413
163,0.561847984790802,1778
164,0.5616857409477234,946
165,0.5616381764411926,1758
166,0.561249315738678,678
167,0.561045229434967,1365
168,0.5608215928077698,1702
169,0.5600607395172119,679
170,0.5594633221626282,1236
171,0.5585344433784485,1781
172,0.5581473708152771,538
173,0.5575284957885742,1679
174,0.5574471950531006,1748
175,0.5567663311958313,1462
176,0.5565914511680603,1038
177,0.5561764240264893,821
178,0.5560341477394104,755
179,0.5559271574020386,1035
180,0.5548309087753296,1491
181,0.5545714497566223,954
182,0.5542678236961365,149
183,0.5541824102401733,1784
184,0.5538539886474609,1738
185,0.553804337978363,1712
186,0.5536525249481201,1407
187,0.553066611289978,559
188,0.5528033375740051,1669
189,0.5527056455612183,1415
190,0.5516138672828674,1542
191,0.5514186024665833,639
192,0.5514141321182251,826
193,0.5513962507247925,1482
194,0.551388680934906,1012
195,0.551188051700592,1683
196,0.5508280396461487,1329
197,0.5508103966712952,1606
198,0.550488293170929,835
199,0.5503418445587158,1315
200,0.5503191351890564,1275
201,0.5502198338508606,1183
202,0.5498635172843933,415
203,0.5497957468032837,1732
204,0.5495968461036682,860
205,0.5494462847709656,1327
206,0.5492799878120422,1188
207,0.5491865277290344,853
208,0.5491267442703247,421
209,0.548921525478363,1439
210,0.5488879084587097,1379
211,0.5488492846488953,1263
212,0.5487826466560364,1463
213,0.5481410026550293,719
214,0.5475867390632629,1506
215,0.5474571585655212,1696
216,0.5473802089691162,1448
217,0.5473088026046753,1134
218,0.547227144241333,710
219,0.5465562343597412,1790
220,0.5464561581611633,1014
221,0.5461719036102295,1212
222,0.5457377433776855,13
223,0.545185923576355,1466
224,0.5451796054840088,1700
225,0.544078528881073,1150
226,0.5432682037353516,1362
227,0.5427948832511902,1786
228,0.5422634482383728,1228
229,0.5417628884315491,1412
230,0.540952742099762,738
231,0.5397700071334839,1421
232,0.5391935110092163,210
233,0.5391698479652405,486
234,0.5391045808792114,383
235,0.5390705466270447,1402
236,0.538697361946106,1766
237,0.5385052561759949,810
238,0.5383213758468628,15
239,0.5380008816719055,1746
240,0.5378163456916809,1646
241,0.5378019213676453,690
242,0.5377275347709656,396
243,0.537679135799408,1418
244,0.5376268625259399,66
245,0.5374420881271362,1130
246,0.5372227430343628,1530
247,0.5369480848312378,1667
248,0.5369337797164917,63
249,0.5367745161056519,399
250,0.5367365479469299,1137
251,0.5366832613945007,1447
252,0.5365293622016907,64
253,0.5365278720855713,688
254,0.5364310145378113,1297
255,0.5360612869262695,1369
256,0.5358855724334717,1652
257,0.535584032535553,1195
258,0.5354793071746826,1343
259,0.535388171672821,1662
260,0.5350889563560486,157
261,0.5347335338592529,1586
262,0.5344451665878296,964
263,0.5340537428855896,751
264,0.5332139730453491,1788
265,0.5331546664237976,990
266,0.5329815149307251,1620
267,0.5329461693763733,1744
268,0.5328525304794312,745
269,0.5326744914054871,1661
270,0.5326011776924133,1723
271,0.5318065285682678,1740
272,0.531460702419281,973
273,0.5313782095909119,1454
274,0.531191349029541,376
275,0.5308427214622498,691
276,0.5305326581001282,1485
277,0.530501127243042,1173
278,0.5303335189819336,1520
279,0.5302709937095642,1741
280,0.5299928188323975,461
281,0.5298949480056763,1105
282,0.5297909379005432,492
283,0.529392659664154,1444
284,0.5293304920196533,142
285,0.5292736887931824,1337
286,0.528901219367981,844
287,0.5287973880767822,969
288,0.5287684798240662,409
289,0.5280852317810059,713
290,0.5279448628425598,1009
291,0.5278003811836243,1789
292,0.5276639461517334,936
293,0.5275232791900635,951
294,0.5274273753166199,1804
295,0.5269654393196106,1289
296,0.5269132852554321,904
297,0.5268646478652954,1040
298,0.5268052816390991,516
299,0.5263828039169312,19
300,0.5263416767120361,984
301,0.5261355638504028,570
302,0.5259857773780823,1129
303,0.525671660900116,1226
304,0.525206983089447,1563
305,0.5252034068107605,1601
306,0.5249453783035278,1221
307,0.5248873233795166,654
308,0.524683952331543,1245
309,0.5246269106864929,1714
310,0.5241420865058899,1622
311,0.5238009691238403,1645
312,0.5237799286842346,1701
313,0.5234894752502441,1481
314,0.5233906507492065,1145
315,0.5229395031929016,1069
316,0.5228808522224426,429
317,0.5228676795959473,1544
318,0.5223650336265564,918
319,0.5220465660095215,1095
320,0.5220407843589783,846
321,0.522014856338501,1318
322,0.5219279527664185,1443
323,0.5208917856216431,553
324,0.5203211903572083,1558
325,0.5201706290245056,21
326,0.5200473070144653,614
327,0.5197382569313049,523
328,0.5197095274925232,1383
329,0.5196670293807983,1799
330,0.5193009376525879,1470
331,0.5192721486091614,651
332,0.5189530253410339,974
333,0.5186909437179565,1490
334,0.5186184644699097,160
335,0.518181324005127,1440
336,0.517974317073822,1398
337,0.5173831582069397,1638
338,0.5172903537750244,156
339,0.51718670129776,1260
340,0.5169562697410583,1676
341,0.5168622136116028,1718
342,0.5167965292930603,560
343,0.515735924243927,1252
344,0.5152266025543213,1041
345,0.5151017308235168,1593
346,0.5147149562835693,1555
347,0.5146178007125854,1635
348,0.5139331221580505,1522
349,0.5138781666755676,411
350,0.513679563999176,727
351,0.5135713219642639,653
352,0.5135455131530762,1734
353,0.5134443640708923,970
354,0.5129275321960449,1553
355,0.5127278566360474,1061
356,0.5125758051872253,1033
357,0.5121694207191467,1349
358,0.5120421051979065,405
359,0.5111159086227417,1513
360,0.5110465884208679,1507
361,0.510863721370697,1201
362,0.5107935667037964,703
363,0.5105333924293518,1179
364,0.5105054378509521,1269
365,0.5103473663330078,177
366,0.5102056860923767,1594
367,0.5101130604743958,872
368,0.510025143623352,1729
369,0.5098330974578857,568
370,0.5094342231750488,1589
371,0.5088133811950684,1170
372,0.5087199807167053,945
373,0.508644700050354,1477
374,0.508415162563324,404
375,0.5083972215652466,1164
376,0.5081749558448792,1277
377,0.5081399083137512,1180
378,0.5074612498283386,116
379,0.5073438286781311,510
380,0.5072767734527588,1461
381,0.5070909261703491,1322
382,0.507015585899353,403
383,0.5068010687828064,1097
384,0.5063914656639099,1239
385,0.5062329173088074,664
386,0.5061509609222412,147
387,0.5059967637062073,1539
388,0.5056464672088623,1747
389,0.5054553747177124,384
390,0.5049410462379456,1128
391,0.5045166015625,1405
392,0.5043572187423706,1153
393,0.5042614936828613,1628
394,0.5039359331130981,60
395,0.503769040107727,1695
396,0.5037410855293274,1612
397,0.5036545991897583,504
398,0.5031140446662903,565
399,0.5026865005493164,1075
400,0.5026028156280518,1420
401,0.5024366974830627,965
402,0.5024047493934631,67
403,0.5019033551216125,222
404,0.501395583152771,1403
405,0.5012381672859192,117
406,0.5012210607528687,1166
407,0.5012152791023254,1488
408,0.5009030699729919,1001
409,0.5008376836776733,574
410,0.5008118152618408,1435
411,0.5002249479293823,1165
412,0.500086784362793,169
413,0.499560683965683,515
414,0.49952659010887146,118
415,0.4995225667953491,1637
416,0.49940142035484314,1666
417,0.49899038672447205,1319
418,0.4987037777900696,12
419,0.4986521899700165,1681
420,0.49857479333877563,791
421,0.49813657999038696,1797
422,0.49807220697402954,393
423,0.498026967048645,1401
424,0.4980221688747406,391
425,0.49791809916496277,615
426,0.49789485335350037,924
427,0.4978305697441101,485
428,0.4977409243583679,921
429,0.4976275861263275,1392
430,0.497627317905426,1783
431,0.4972653388977051,1649
432,0.49704235792160034,3
433,0.49688634276390076,471
434,0.49663498997688293,575
435,0.4958342909812927,1756
436,0.4957127273082733,130
437,0.49557188153266907,380
438,0.4954982399940491,1627
439,0.49522194266319275,1545
440,0.4950351119041443,1750
441,0.4948255717754364,423
442,0.4947453439235687,1639
443,0.4947233200073242,1516
444,0.49460750818252563,1686
445,0.4945157766342163,1388
446,0.494393914937973,925
447,0.49426475167274475,1184
448,0.4942420721054077,1300
449,0.4942174255847931,1247
450,0.4940142035484314,1497
451,0.4935492277145386,216
452,0.49347198009490967,93
453,0.4934522807598114,1104
454,0.49338990449905396,1636
455,0.4928417503833771,1534
456,0.4921666383743286,377
457,0.49201878905296326,42
458,0.49191373586654663,1350
459,0.4918210506439209,106
460,0.49096038937568665,677
461,0.49053117632865906,38
462,0.4901933968067169,603
463,0.4901491701602936,478
464,0.49014589190483093,1529
465,0.4898780584335327,108
466,0.4898465871810913,170
467,0.48950645327568054,1320
468,0.4893037676811218,1782
469,0.48771265149116516,1537
470,0.4875679016113281,506
471,0.4875214099884033,1479
472,0.48740482330322266,1223
473,0.48680561780929565,199
474,0.4864298701286316,244
475,0.4862358868122101,85
476,0.4860690236091614,109
477,0.48602452874183655,975
478,0.48577865958213806,1566
479,0.48540306091308594,482
480,0.48527786135673523,819
481,0.48515620827674866,1631
482,0.4850817918777466,1121
483,0.48499763011932373,1653
484,0.4849673807621002,10
485,0.484884113073349,146
486,0.4847976863384247,1063
487,0.48469603061676025,1684
488,0.4846826493740082,1249
489,0.4844733774662018,1596
490,0.4841470420360565,68
491,0.4838206171989441,261
492,0.48378655314445496,1311
493,0.483599454164505,1414
494,0.48358532786369324,144
495,0.483249306678772,718
496,0.48309215903282166,798
497,0.4830179512500763,1590
498,0.48297715187072754,817
499,0.4827992916107178,95
500,0.48194944858551025,587
501,0.4815179407596588,368
502,0.4813397526741028,379
503,0.4812793731689453,1779
504,0.48126158118247986,736
505,0.4811899662017822,1390
506,0.48105597496032715,440
507,0.4802502691745758,1755
508,0.47981810569763184,1222
509,0.47961553931236267,26
510,0.47935208678245544,1047
511,0.4785977005958557,1642
512,0.4785802960395813,1518
513,0.4784451425075531,1363
514,0.47837427258491516,1598
515,0.47823530435562134,475
516,0.4782339632511139,186
517,0.4779854714870453,818
518,0.4777061641216278,624
519,0.4776671826839447,1176
520,0.4772941768169403,233
521,0.4772473871707916,1711
522,0.4768332540988922,616
523,0.476828396320343,843
524,0.47675374150276184,381
525,0.47659361362457275,435
526,0.4765323996543884,1678
527,0.4762045741081238,1567
528,0.47583165764808655,1665
529,0.4755703806877136,1492
530,0.4753684997558594,176
531,0.4753570854663849,1427
532,0.47522252798080444,226
533,0.4750883877277374,1694
534,0.47487300634384155,159
535,0.47439518570899963,794
536,0.4741610288619995,839
537,0.4741223156452179,625
538,0.47411057353019714,774
539,0.474010705947876,437
540,0.4737944006919861,554
541,0.4737450182437897,1621
542,0.4735812842845917,1605
543,0.47356629371643066,1267
544,0.4731521010398865,145
545,0.4730820059776306,100
546,0.47298237681388855,1720
547,0.47268086671829224,247
548,0.4725721776485443,997
549,0.47249656915664673,1716
550,0.4723808467388153,903
551,0.4723253548145294,1273
552,0.4722534120082855,466
553,0.4721973240375519,1597
554,0.4721972346305847,239
555,0.472026526927948,1736
556,0.4719352424144745,1081
557,0.47190967202186584,592
558,0.47180312871932983,246
559,0.4715818762779236,1524
560,0.47149452567100525,360
561,0.4712744355201721,245
562,0.4710327386856079,1210
563,0.4709351658821106,1564
564,0.47083592414855957,1175
565,0.47037822008132935,1551
566,0.469755619764328,1793
567,0.4697105586528778,164
568,0.46968716382980347,1608
569,0.46968621015548706,57
570,0.4696733057498932,392
571,0.46960538625717163,1623
572,0.4695703685283661,215
573,0.46857258677482605,1039
574,0.4685426950454712,474
575,0.4685181975364685,1355
576,0.46850553154945374,1519
577,0.46829283237457275,1785
578,0.46806061267852783,622
579,0.46798568964004517,650
580,0.46788081526756287,1616
581,0.46760427951812744,1715
582,0.46722546219825745,1158
583,0.4672185480594635,588
584,0.46708619594573975,166
585,0.46696630120277405,148
586,0.46695980429649353,1113
587,0.4668230414390564,1609
588,0.4667450487613678,184
589,0.46673810482025146,470
590,0.4664699137210846,1120
591,0.46634650230407715,1685
592,0.4656789302825928,528
593,0.46536383032798767,1752
594,0.46525490283966064,1101
595,0.4651484191417694,113
596,0.4651184380054474,181
597,0.4649447202682495,735
598,0.4647589325904846,1291
599,0.4646161198616028,218
600,0.4644335210323334,852
601,0.46440112590789795,1632
602,0.4642286002635956,140
603,0.4642069935798645,212
604,0.4639286398887634,291
605,0.4639175236225128,163
606,0.4636317193508148,1359
607,0.4635007679462433,1698
608,0.46338096261024475,225
609,0.4633297622203827,1733
610,0.46331751346588135,1044
611,0.4629906117916107,388
612,0.46288448572158813,1333
613,0.46209704875946045,398
614,0.46202361583709717,1259
615,0.46176859736442566,1655
616,0.461385041475296,683
617,0.46116888523101807,882
618,0.4609529674053192,1677
619,0.46088510751724243,762
620,0.460771381855011,1019
621,0.4605504870414734,432
622,0.4605357348918915,22
623,0.4604514539241791,1034
624,0.46033942699432373,1219
625,0.4602369964122772,48
626,0.4599655270576477,292
627,0.4599170386791229,1602
628,0.4597479999065399,525
629,0.4591163396835327,168
630,0.4590380787849426,81
631,0.45899346470832825,9
632,0.4588768780231476,1592
633,0.4588296711444855,807
634,0.4586787819862366,610
635,0.45863163471221924,1533
636,0.4585826098918915,1209
637,0.45856335759162903,362
638,0.4584116041660309,1478
639,0.45832303166389465,1559
640,0.45808497071266174,811
641,0.4574081301689148,906
642,0.4573650360107422,179
643,0.4571196436882019,172
644,0.4570864737033844,1765
645,0.4568119943141937,265
646,0.4567687213420868,221
647,0.45675504207611084,959
648,0.45665809512138367,267
649,0.4565325081348419,441
650,0.45649588108062744,889
651,0.4563712775707245,1045
652,0.45627889037132263,56
653,0.4560811221599579,1031
654,0.455923855304718,532
655,0.45589596033096313,1682
656,0.4557630121707916,1769
657,0.4556604325771332,1316
658,0.4551735818386078,1141
659,0.45507457852363586,1005
660,0.4550621807575226,1526
661,0.4549064040184021,1257
662,0.4547380805015564,410
663,0.45472490787506104,1739
664,0.45459920167922974,1073
665,0.45444273948669434,804
666,0.4541744291782379,1480
667,0.4540821611881256,1791
668,0.4540020823478699,367
669,0.4538341164588928,1328
670,0.45372381806373596,1419
671,0.4534614682197571,182
672,0.4533529281616211,1028
673,0.4532172679901123,187
674,0.45318350195884705,487
675,0.4531401991844177,241
676,0.4531363248825073,185
677,0.45310279726982117,875
678,0.4530816972255707,1775
679,0.4530623257160187,573
680,0.4530000686645508,569
681,0.45295587182044983,613
682,0.4529522955417633,604
683,0.4527583420276642,1220
684,0.4524920880794525,1336
685,0.45197877287864685,914
686,0.451871395111084,290
687,0.4515927731990814,1011
688,0.45119136571884155,1713
689,0.4510020315647125,53
690,0.4509281814098358,1745
691,0.4507819414138794,630
692,0.45028507709503174,250
693,0.45013999938964844,514
694,0.4499361515045166,230
695,0.4499107599258423,1256
696,0.44951748847961426,171
697,0.44918176531791687,583
698,0.4489459693431854,1687
699,0.4489216208457947,1725
700,0.44890350103378296,632
701,0.44890230894088745,1619
702,0.44845783710479736,94
703,0.44841355085372925,1160
704,0.4483421742916107,1690
705,0.4483214318752289,1396
706,0.4482298493385315,1062
707,0.4480474889278412,1671
708,0.4474298357963562,714
709,0.4473567306995392,870
710,0.44717755913734436,220
711,0.4468987286090851,612
712,0.4467521011829376,105
713,0.4465973675251007,626
714,0.4464956223964691,1754
715,0.446468323469162,55
716,0.44585275650024414,51
717,0.44573625922203064,1294
718,0.4451428949832916,765
719,0.44452807307243347,1077
720,0.4443339407444,1380
721,0.4443109631538391,211
722,0.44428735971450806,1048
723,0.4439115524291992,1197
724,0.4437862038612366,454
725,0.44365787506103516,1287
726,0.4435773193836212,790
727,0.4435392916202545,263
728,0.443363755941391,1161
729,0.4432721436023712,572
730,0.4432264566421509,90
731,0.4432191252708435,227
732,0.44305509328842163,1053
733,0.4429668188095093,45
734,0.4429347813129425,1663
735,0.44290244579315186,1689
736,0.442621648311615,5
737,0.4425991475582123,1278
738,0.4425857365131378,831
739,0.44252029061317444,428
740,0.4422115981578827,371
741,0.4420849680900574,1792
742,0.4420069456100464,91
743,0.4418100118637085,266
744,0.44180065393447876,1043
745,0.4415634870529175,1728
746,0.44150471687316895,183
747,0.441437691450119,816
748,0.44136568903923035,815
749,0.44124096632003784,268
750,0.4411439895629883,273
751,0.441058486700058,1394
752,0.440788209438324,427
753,0.4406651556491852,720
754,0.4402826130390167,390
755,0.44007566571235657,533
756,0.4398247301578522,1253
757,0.4397227466106415,1776
758,0.4396747648715973,1540
759,0.4396073520183563,1767
760,0.4395526945590973,1100
761,0.43954676389694214,1340
762,0.4395042955875397,1680
763,0.43915489315986633,1495
764,0.43904930353164673,824
765,0.4388648271560669,178
766,0.4388185739517212,17
767,0.4385288953781128,830
768,0.43817293643951416,141
769,0.43799257278442383,479
770,0.43797972798347473,1574
771,0.4379468262195587,1190
772,0.4377431571483612,637
773,0.43759316205978394,1215
774,0.4375450015068054,1261
775,0.4373461902141571,59
776,0.43716758489608765,430
777,0.43715569376945496,566
778,0.4371419847011566,175
779,0.4370805621147156,395
780,0.4370116591453552,447
781,0.4369463324546814,1722
782,0.4368872344493866,1406
783,0.4368855357170105,796
784,0.4368637502193451,1271
785,0.4366883635520935,1699
786,0.43647080659866333,1759
787,0.4363253712654114,365
788,0.4359101355075836,236
789,0.435901403427124,1599
790,0.4357145428657532,1408
791,0.4356311559677124,1802
792,0.43508562445640564,986
793,0.43454161286354065,1016
794,0.43423280119895935,235
795,0.4339462220668793,1389
796,0.43345218896865845,223
797,0.4332635998725891,873
798,0.4329114258289337,820
799,0.4328344464302063,793
800,0.4327760338783264,894
801,0.4327126741409302,1140
802,0.4326220154762268,23
803,0.4325573742389679,1182
804,0.4324532151222229,1531
805,0.43216463923454285,520
806,0.4321337044239044,1224
807,0.4313986897468567,97
808,0.43127700686454773,1575
809,0.4310167133808136,1453
810,0.4309653043746948,667
811,0.4307972490787506,1772
812,0.4307711720466614,489
813,0.4307650327682495,1500
814,0.43067654967308044,1147
815,0.43055370450019836,382
816,0.43048107624053955,252
817,0.43032321333885193,1807
818,0.42991161346435547,1552
819,0.4298994243144989,509
820,0.4288368225097656,1376
821,0.4288221597671509,920
822,0.42850473523139954,1581
823,0.4283994734287262,833
824,0.42829832434654236,837
825,0.4281916916370392,908
826,0.4276730716228485,1501
827,0.42760443687438965,29
828,0.4275432527065277,70
829,0.4275056719779968,912
830,0.4274086654186249,180
831,0.42731451988220215,469
832,0.42717739939689636,30
833,0.42693039774894714,597
834,0.42648664116859436,757
835,0.4263899326324463,369
836,0.4262215197086334,1724
837,0.42587271332740784,1763
838,0.4258204996585846,1258
839,0.42561644315719604,1582
840,0.4253799319267273,892
841,0.4253717064857483,462
842,0.42531007528305054,1029
843,0.4248657524585724,46
844,0.4247564971446991,1305
845,0.42462000250816345,327
846,0.42461007833480835,534
847,0.42444777488708496,761
848,0.424425333738327,167
849,0.42402520775794983,766
850,0.42392486333847046,1366
851,0.42391088604927063,1569
852,0.42369264364242554,1345
853,0.4235771894454956,1546
854,0.42342284321784973,1709
855,0.4234096109867096,262
856,0.42324450612068176,1456
857,0.4230017364025116,579
858,0.42288821935653687,497
859,0.42274463176727295,1241
860,0.4226655960083008,406
861,0.4225909113883972,438
862,0.4225553870201111,776
863,0.4224099814891815,1290
864,0.42233461141586304,1003
865,0.42210009694099426,992
866,0.4220832288265228,249
867,0.4216851592063904,1050
868,0.42168474197387695,314
869,0.4211242198944092,760
870,0.4210324287414551,1384
871,0.4207732081413269,110
872,0.4204167425632477,1357
873,0.4203723073005676,413
874,0.42016905546188354,788
875,0.42006877064704895,276
876,0.4198529124259949,1119
877,0.4196038246154785,1304
878,0.41957274079322815,196
879,0.41926777362823486,674
880,0.4191519021987915,260
881,0.4189516007900238,505
882,0.4181840419769287,1364
883,0.4181286096572876,1604
884,0.41793936491012573,915
885,0.41790327429771423,500
886,0.4176260530948639,599
887,0.41717612743377686,280
888,0.4170202612876892,783
889,0.41698986291885376,1445
890,0.41648069024086,867
891,0.41627925634384155,1127
892,0.4162648320198059,1088
893,0.41619062423706055,114
894,0.41585734486579895,16
895,0.41573843359947205,526
896,0.4157381057739258,629
897,0.41539761424064636,1467
898,0.4153181314468384,1749
899,0.41490286588668823,590
900,0.4148617386817932,465
901,0.4147259593009949,286
902,0.41466227173805237,158
903,0.41444411873817444,107
904,0.41425928473472595,295
905,0.41421836614608765,264
906,0.41414475440979004,1664
907,0.41399648785591125,1472
908,0.41397592425346375,1276
909,0.4139419496059418,864
910,0.41381290555000305,1625
911,0.4136173129081726,129
912,0.4134919345378876,251
913,0.413311630487442,1648
914,0.4131212830543518,840
915,0.4130212962627411,1010
916,0.4130159318447113,61
917,0.4127330780029297,1560
918,0.41269388794898987,1214
919,0.41263076663017273,188
920,0.4124547243118286,832
921,0.4123747944831848,567
922,0.4123740792274475,49
923,0.4121386706829071,1630
924,0.41203853487968445,991
925,0.41200438141822815,102
926,0.4117966592311859,307
927,0.4117729961872101,322
928,0.41164013743400574,65
929,0.41142556071281433,281
930,0.41118624806404114,1272
931,0.41107288002967834,1321
932,0.4108635187149048,1808
933,0.4107929468154907,1282
934,0.41030341386795044,279
935,0.4101702868938446,663
936,0.41015419363975525,994
937,0.40991583466529846,868
938,0.4098002314567566,981
939,0.4096679091453552,1640
940,0.40870100259780884,693
941,0.4085554778575897,1231
942,0.40853625535964966,827
943,0.40841543674468994,282
944,0.40792346000671387,1162
945,0.4078480303287506,550
946,0.40771496295928955,623
947,0.4076528549194336,101
948,0.40716251730918884,563
949,0.40704795718193054,473
950,0.4066765010356903,848
951,0.4063403308391571,531
952,0.4062741696834564,784
953,0.4061598777770996,1536
954,0.40538763999938965,1159
955,0.40483540296554565,238
956,0.4047268033027649,557
957,0.4044337868690491,1451
958,0.4043816030025482,1206
959,0.40396445989608765,634
960,0.40394967794418335,62
961,0.40367835760116577,1613
962,0.40359142422676086,806
963,0.4030669927597046,78
964,0.4030647575855255,665
965,0.40284568071365356,669
966,0.4021921455860138,1387
967,0.4021780490875244,125
968,0.4021451771259308,1193
969,0.4021393358707428,41
970,0.4013615846633911,764
971,0.4007297158241272,836
972,0.40051111578941345,600
973,0.400356262922287,302
974,0.40033406019210815,857
975,0.40024322271347046,1801
976,0.4001240134239197,1576
977,0.4001070261001587,1026
978,0.4000282287597656,194
979,0.3998955488204956,507
980,0.39985528588294983,1107
981,0.3994777500629425,1032
982,0.39923080801963806,1280
983,0.39921313524246216,1650
984,0.39916732907295227,1331
985,0.39895710349082947,494
986,0.39846351742744446,1770
987,0.3981423079967499,44
988,0.39777040481567383,1125
989,0.39766374230384827,576
990,0.3974292278289795,858
991,0.39735856652259827,209
992,0.3973236382007599,1428
993,0.39724838733673096,1385
994,0.3972112834453583,891
995,0.39695465564727783,1326
996,0.39689716696739197,726
997,0.3968656659126282,580
998,0.39684319496154785,1693
999,0.39650771021842957,452
1000,0.3963768482208252,1579
1001,0.39632511138916016,150
1002,0.39629065990448,343
1003,0.3962407112121582,660
1004,0.39607205986976624,865
1005,0.3960462510585785,887
1006,0.39542585611343384,165
1007,0.3954193592071533,1266
1008,0.39533770084381104,1216
1009,0.3952231705188751,1002
1010,0.3949577808380127,450
1011,0.3949107527732849,825
1012,0.3948969542980194,436
1013,0.39479976892471313,1049
1014,0.3947640061378479,1393
1015,0.39459773898124695,200
1016,0.3945378065109253,905
1017,0.39449065923690796,983
1018,0.39419564604759216,800
1019,0.3934890627861023,957
1020,0.3932383358478546,401
1021,0.39307257533073425,243
1022,0.3929462432861328,472
1023,0.3928157091140747,422
1024,0.3925420939922333,1169
1025,0.39251285791397095,1432
1026,0.39209380745887756,52
1027,0.3919515311717987,741
1028,0.39179956912994385,240
1029,0.3916844129562378,545
1030,0.39161136746406555,1149
1031,0.39158108830451965,861
1032,0.39130258560180664,361
1033,0.3911784887313843,1726
1034,0.3908180594444275,248
1035,0.3904319107532501,350
1036,0.3902254104614258,345
1037,0.39014747738838196,1584
1038,0.3901429772377014,530
1039,0.39012661576271057,112
1040,0.3900197148323059,1361
1041,0.38995274901390076,1446
1042,0.3897894620895386,1242
1043,0.3895147442817688,950
1044,0.38938605785369873,1370
1045,0.3893638551235199,111
1046,0.3892442584037781,6
1047,0.388811856508255,684
1048,0.3885253667831421,99
1049,0.38842108845710754,1344
1050,0.38834062218666077,1172
1051,0.38822269439697266,1504
1052,0.38810908794403076,321
1053,0.38808536529541016,1707
1054,0.38755667209625244,851
1055,0.38742998242378235,956
1056,0.38715288043022156,1295
1057,0.3871215879917145,189
1058,0.3870905935764313,524
1059,0.3869984745979309,1334
1060,0.386992871761322,805
1061,0.3868464529514313,1367
1062,0.38660964369773865,155
1063,0.38650500774383545,595
1064,0.38640162348747253,480
1065,0.38631924986839294,854
1066,0.3862829804420471,1595
1067,0.38627564907073975,219
1068,0.3862517476081848,1557
1069,0.3860558271408081,1007
1070,0.385069876909256,544
1071,0.3849755525588989,640
1072,0.38482120633125305,555
1073,0.38459357619285583,1719
1074,0.3843143880367279,670
1075,0.3838810622692108,558
1076,0.3836565613746643,259
1077,0.3835877478122711,1469
1078,0.3835776150226593,1525
1079,0.38342446088790894,349
1080,0.382983922958374,301
1081,0.3829731345176697,1109
1082,0.3827977180480957,1213
1083,0.3826299011707306,692
1084,0.3826097548007965,319
1085,0.38251185417175293,317
1086,0.3822978138923645,628
1087,0.38205528259277344,198
1088,0.3819042444229126,1116
1089,0.38183340430259705,881
1090,0.38158905506134033,880
1091,0.38146865367889404,213
1092,0.3813819885253906,1237
1093,0.3813421130180359,443
1094,0.38134142756462097,1347
1095,0.3810444474220276,491
1096,0.3809299170970917,734
1097,0.38088303804397583,1803
1098,0.3802274167537689,1312
1099,0.38019686937332153,1068
1100,0.37990787625312805,136
1101,0.37972530722618103,1760
1102,0.3797134459018707,561
1103,0.3795597553253174,995
1104,0.3795135021209717,137
1105,0.37922409176826477,1706
1106,0.379123717546463,1771
1107,0.37909117341041565,1152
1108,0.37904059886932373,1633
1109,0.37898194789886475,1264
1110,0.3788321316242218,25
1111,0.3787659704685211,537
1112,0.3786054849624634,459
1113,0.3783564269542694,812
1114,0.37831971049308777,728
1115,0.378290057182312,1
1116,0.3781527578830719,346
1117,0.3776998817920685,633
1118,0.3771660029888153,890
1119,0.3771379590034485,877
1120,0.37713444232940674,374
1121,0.3769344091415405,1626
1122,0.37685316801071167,1022
1123,0.3768339455127716,620
1124,0.37662312388420105,1004
1125,0.3765430748462677,271
1126,0.3762845993041992,508
1127,0.3760587275028229,996
1128,0.3758903741836548,477
1129,0.375858336687088,1464
1130,0.3758375644683838,1234
1131,0.3756525218486786,571
1132,0.3749709129333496,341
1133,0.37476077675819397,834
1134,0.3745323121547699,551
1135,0.37440025806427,285
1136,0.37428271770477295,591
1137,0.37421926856040955,288
1138,0.3740995526313782,444
1139,0.3733838200569153,1484
1140,0.37325507402420044,1132
1141,0.3732404410839081,153
1142,0.3732384741306305,1080
1143,0.37313196063041687,1588
1144,0.37302348017692566,927
1145,0.37292173504829407,115
1146,0.37265902757644653,119
1147,0.3725646734237671,941
1148,0.3724146783351898,645
1149,0.3723779320716858,1051
1150,0.3718871772289276,829
1151,0.3718816637992859,294
1152,0.37181779742240906,617
1153,0.3717808425426483,287
1154,0.3717176914215088,1330
1155,0.3712867200374603,412
1156,0.37035998702049255,1227
1157,0.3702961802482605,1085
1158,0.37020042538642883,258
1159,0.37016260623931885,306
1160,0.3701397776603699,577
1161,0.3698374032974243,1060
1162,0.3694433569908142,449
1163,0.3692435026168823,582
1164,0.36907950043678284,1217
1165,0.3688291907310486,675
1166,0.3687809407711029,1244
1167,0.36876359581947327,939
1168,0.3686229884624481,1353
1169,0.36844268441200256,947
1170,0.36814743280410767,1773
1171,0.36799222230911255,849
1172,0.36784568428993225,87
1173,0.3678264617919922,135
1174,0.367779016494751,202
1175,0.36775970458984375,407
1176,0.36766311526298523,1036
1177,0.36740487813949585,1503
1178,0.3673354983329773,121
1179,0.3671782314777374,138
1180,0.36712321639060974,548
1181,0.3671225607395172,1046
1182,0.3670845627784729,1374
1183,0.3670210838317871,529
1184,0.3669743537902832,822
1185,0.3669221103191376,1352
1186,0.36691683530807495,1610
1187,0.3667752742767334,1568
1188,0.3660108149051666,1554
1189,0.36586591601371765,702
1190,0.36576297879219055,446
1191,0.36576196551322937,1391
1192,0.3653508424758911,1591
1193,0.365258127450943,1517
1194,0.3652127981185913,619
1195,0.365185022354126,270
1196,0.3649175763130188,458
1197,0.36483845114707947,1422
1198,0.3647385835647583,154
1199,0.36473211646080017,73
1200,0.3644777834415436,976
1201,0.3642578125,1541
1202,0.36412373185157776,993
1203,0.3640504777431488,642
1204,0.3639431893825531,402
1205,0.3638058006763458,353
1206,0.3634593188762665,929
1207,0.36317601799964905,902
1208,0.36251235008239746,606
1209,0.362425833940506,289
1210,0.36231929063796997,786
1211,0.36223435401916504,1086
1212,0.362064391374588,1021
1213,0.3619968593120575,1577
1214,0.36193498969078064,54
1215,0.3617238402366638,1133
1216,0.36163511872291565,671
1217,0.3613605797290802,242
1218,0.3612837791442871,1156
1219,0.36105939745903015,206
1220,0.3607437312602997,931
1221,0.360475093126297,750
1222,0.3604030907154083,1611
1223,0.3600922226905823,1233
1224,0.36008986830711365,277
1225,0.36007437109947205,174
1226,0.3600384593009949,581
1227,0.3597610294818878,601
1228,0.35961204767227173,1298
1229,0.35936495661735535,1691
1230,0.3592861592769623,1154
1231,0.358964204788208,340
1232,0.35896036028862,1074
1233,0.3589586019515991,1543
1234,0.35892021656036377,1433
1235,0.3586130738258362,370
1236,0.3585313558578491,1514
1237,0.3582044243812561,863
1238,0.35810592770576477,14
1239,0.3579826354980469,1301
1240,0.3579559326171875,338
1241,0.35720524191856384,1204
1242,0.35677197575569153,1565
1243,0.35675710439682007,884
1244,0.3567380905151367,1058
1245,0.3567297160625458,1200
1246,0.35644981265068054,733
1247,0.35614606738090515,324
1248,0.35587140917778015,1096
1249,0.35574039816856384,1018
1250,0.3551332652568817,173
1251,0.3549840450286865,960
1252,0.35495632886886597,1572
1253,0.3548804223537445,358
1254,0.35482436418533325,1548
1255,0.3547215759754181,1372
1256,0.35452768206596375,231
1257,0.35428300499916077,27
1258,0.35388049483299255,1148
1259,0.35285162925720215,1094
1260,0.3528327941894531,89
1261,0.3527333736419678,700
1262,0.35209575295448303,131
1263,0.3520756661891937,883
1264,0.3518078327178955,1348
1265,0.35176897048950195,744
1266,0.35148513317108154,1030
1267,0.3513981103897095,543
1268,0.3513981103897095,300
1269,0.3508373200893402,1538
1270,0.35029110312461853,809
1271,0.3502712845802307,1324
1272,0.3501325249671936,1338
1273,0.34948229789733887,1017
1274,0.3494776785373688,420
1275,0.34937584400177,1091
1276,0.3490276336669922,1730
1277,0.3487958312034607,237
1278,0.34862953424453735,1768
1279,0.3484072983264923,431
1280,0.3479236960411072,24
1281,0.3478696644306183,869
1282,0.34786489605903625,1668
1283,0.3477388322353363,1087
1284,0.3470500111579895,1629
1285,0.34687167406082153,635
1286,0.34662139415740967,1651
1287,0.346259742975235,1177
1288,0.3462595045566559,484
1289,0.34609657526016235,1181
1290,0.3460080921649933,1124
1291,0.3459457755088806,1498
1292,0.3455738425254822,120
1293,0.3451490104198456,460
1294,0.3449951112270355,578
1295,0.3449356257915497,1208
1296,0.3448517620563507,352
1297,0.3448503017425537,1710
1298,0.3445955514907837,103
1299,0.3444361686706543,1634
1300,0.3439108729362488,32
1301,0.34365928173065186,539
1302,0.34365928173065186,296
1303,0.343477338552475,272
1304,0.34325873851776123,1578
1305,0.34306594729423523,1106
1306,0.3429396450519562,598
1307,0.3427587151527405,373
1308,0.3427141010761261,934
1309,0.3424265384674072,916
1310,0.34180936217308044,1306
1311,0.3415357172489166,313
1312,0.341341495513916,309
1313,0.3411482572555542,1675
1314,0.3410877585411072,453
1315,0.34105631709098816,385
1316,0.34086376428604126,1395
1317,0.3408500552177429,696
1318,0.34084442257881165,104
1319,0.3404722213745117,36
1320,0.34026816487312317,814
1321,0.3401266634464264,1624
1322,0.340023398399353,1248
1323,0.3400132358074188,564
1324,0.3398723602294922,1431
1325,0.3397767245769501,386
1326,0.3397476375102997,76
1327,0.3397039771080017,602
1328,0.3396018445491791,34
1329,0.33931589126586914,938
1330,0.3390539586544037,1207
1331,0.33821535110473633,813
1332,0.3381373882293701,1487
1333,0.33769291639328003,1070
1334,0.33764830231666565,372
1335,0.33757296204566956,33
1336,0.3372475802898407,1090
1337,0.33713090419769287,490
1338,0.33684176206588745,1547
1339,0.3368324041366577,1262
1340,0.33660629391670227,257
1341,0.33654430508613586,1570
1342,0.33614474534988403,689
1343,0.3359474241733551,83
1344,0.33575186133384705,1067
1345,0.33551424741744995,1502
1346,0.33549627661705017,866
1347,0.3351094126701355,862
1348,0.3349885940551758,958
1349,0.3347378671169281,657
1350,0.3346952199935913,351
1351,0.33450159430503845,802
1352,0.3344574570655823,901
1353,0.3343408703804016,387
1354,0.33426880836486816,208
1355,0.3342662453651428,1198
1356,0.33406704664230347,596
1357,0.33404672145843506,207
1358,0.3340078294277191,1115
1359,0.33388233184814453,648
1360,0.3337647020816803,1020
1361,0.3334217369556427,605
1362,0.33311739563941956,1659
1363,0.33292827010154724,128
1364,0.3328881859779358,434
1365,0.33288338780403137,197
1366,0.3328823447227478,1670
1367,0.33257755637168884,152
1368,0.3323822021484375,82
1369,0.3322724401950836,151
1370,0.3318365812301636,439
1371,0.331770122051239,58
1372,0.3316583037376404,464
1373,0.3316044807434082,92
1374,0.331548273563385,649
1375,0.33148273825645447,316
1376,0.3309358060359955,293
1377,0.330829918384552,1283
1378,0.3307981491088867,397
1379,0.33062267303466797,1203
1380,0.33055543899536133,98
1381,0.3303828537464142,1672
1382,0.33034032583236694,953
1383,0.3301558494567871,1809
1384,0.32998934388160706,72
1385,0.3299383819103241,1013
1386,0.32979199290275574,666
1387,0.3297913074493408,799
1388,0.329486608505249,37
1389,0.3294793665409088,124
1390,0.3293198049068451,658
1391,0.32926368713378906,1139
1392,0.32902106642723083,123
1393,0.3288281559944153,501
1394,0.3287416100502014,0
1395,0.3285476565361023,1142
1396,0.32846125960350037,662
1397,0.328395277261734,256
1398,0.3278740346431732,607
1399,0.32784155011177063,584
1400,0.3276147246360779,448
1401,0.3266929090023041,1437
1402,0.3265656530857086,1235
1403,0.32638460397720337,999
1404,0.32624751329421997,668
1405,0.3262211084365845,1515
1406,0.32595524191856384,1743
1407,0.32591184973716736,1079
1408,0.32588455080986023,611
1409,0.3254135847091675,594
1410,0.3251766264438629,682
1411,0.32507744431495667,1023
1412,0.32504168152809143,1027
1413,0.3250263035297394,1055
1414,0.32484498620033264,828
1415,0.32471272349357605,787
1416,0.3244447112083435,1071
1417,0.3244291841983795,1438
1418,0.3243284821510315,1163
1419,0.32426315546035767,463
1420,0.324222207069397,232
1421,0.3240484297275543,1218
1422,0.3238890469074249,1123
1423,0.32371360063552856,229
1424,0.323647141456604,80
1425,0.32361507415771484,1571
1426,0.3231833279132843,1673
1427,0.3231750726699829,31
1428,0.3231460750102997,758
1429,0.3225712180137634,1146
1430,0.32251259684562683,888
1431,0.32232749462127686,1052
1432,0.3223205506801605,1474
1433,0.3219190835952759,214
1434,0.3218005299568176,638
1435,0.32156550884246826,546
1436,0.3211180865764618,355
1437,0.3210015594959259,593
1438,0.32097646594047546,681
1439,0.32096341252326965,1078
1440,0.32070547342300415,332
1441,0.32068294286727905,1473
1442,0.3206694722175598,304
1443,0.3203446567058563,356
1444,0.32027387619018555,1155
1445,0.3202533423900604,1194
1446,0.31972140073776245,1296
1447,0.31970423460006714,201
1448,0.3193947672843933,1794
1449,0.3187328577041626,1708
1450,0.31850773096084595,808
1451,0.318276971578598,1064
1452,0.31791993975639343,547
1453,0.317822128534317,512
1454,0.3172164559364319,1351
1455,0.31704068183898926,303
1456,0.3170141279697418,1083
1457,0.31697672605514526,467
1458,0.3168436884880066,932
1459,0.31680187582969666,20
1460,0.31664979457855225,354
1461,0.3164709806442261,871
1462,0.316288024187088,1511
1463,0.3161875605583191,842
1464,0.3161764442920685,897
1465,0.31617578864097595,536
1466,0.31614017486572266,1323
1467,0.3160637319087982,1196
1468,0.3159724473953247,4
1469,0.3158470392227173,1157
1470,0.3158442974090576,699
1471,0.31562021374702454,476
1472,0.3154389262199402,942
1473,0.3152214288711548,708
1474,0.3152042031288147,661
1475,0.31485652923583984,541
1476,0.3146253526210785,646
1477,0.3142554461956024,1174
1478,0.3140038847923279,1054
1479,0.31399935483932495,1483
1480,0.31367650628089905,803
1481,0.3133786916732788,985
1482,0.31291982531547546,50
1483,0.3128073811531067,697
1484,0.31260353326797485,1118
1485,0.3125196397304535,705
1486,0.3122934103012085,1238
1487,0.312174528837204,305
1488,0.31200215220451355,687
1489,0.31188294291496277,1727
1490,0.3117390275001526,298
1491,0.31162893772125244,1303
1492,0.3110685348510742,1468
1493,0.31105419993400574,228
1494,0.31089305877685547,966
1495,0.3106488883495331,1211
1496,0.3105620741844177,643
1497,0.310552716255188,748
1498,0.31049486994743347,768
1499,0.3104851245880127,1225
1500,0.310299277305603,161
1501,0.31022047996520996,907
1502,0.31008535623550415,782
1503,0.30977603793144226,845
1504,0.3092842996120453,143
1505,0.3092155456542969,86
1506,0.30914631485939026,715
1507,0.30882933735847473,312
1508,0.30875998735427856,74
1509,0.3087396025657654,269
1510,0.30849459767341614,1192
1511,0.30817312002182007,1092
1512,0.30801936984062195,204
1513,0.30791300535202026,347
1514,0.3078663945198059,717
1515,0.30784735083580017,552
1516,0.307442307472229,1066
1517,0.30740493535995483,1751
1518,0.30736005306243896,1397
1519,0.3073403537273407,1805
1520,0.30733931064605713,732
1521,0.3072258234024048,749
1522,0.30710089206695557,77
1523,0.30709725618362427,518
1524,0.3070312440395355,162
1525,0.30698469281196594,609
1526,0.3068225085735321,195
1527,0.3068220019340515,823
1528,0.3068094551563263,797
1529,0.30679479241371155,1528
1530,0.3067110478878021,122
1531,0.3065517842769623,378
1532,0.3063488006591797,320
1533,0.30623358488082886,1250
1534,0.30618318915367126,1310
1535,0.30581343173980713,1265
1536,0.30546119809150696,1285
1537,0.3052999675273895,1654
1538,0.30511143803596497,503
1539,0.3049921691417694,1521
1540,0.3047349154949188,1341
1541,0.30459272861480713,1600
1542,0.30457809567451477,7
1543,0.30419811606407166,1535
1544,0.30359378457069397,885
1545,0.30330583453178406,335
1546,0.3031476140022278,190
1547,0.3031454384326935,205
1548,0.30311495065689087,847
1549,0.3030441403388977,589
1550,0.30288898944854736,898
1551,0.30279290676116943,278
1552,0.30268749594688416,773
1553,0.30267295241355896,311
1554,0.30260878801345825,424
1555,0.30257344245910645,1102
1556,0.302335262298584,1660
1557,0.3022937476634979,1000
1558,0.3021770119667053,777
1559,0.30213990807533264,926
1560,0.3017079532146454,919
1561,0.30120766162872314,457
1562,0.3009421229362488,359
1563,0.30069783329963684,979
1564,0.30054792761802673,1122
1565,0.3005211353302002,513
1566,0.3004072606563568,134
1567,0.30036526918411255,284
1568,0.3000617027282715,1332
1569,0.29995909333229065,636
1570,0.2994060814380646,780
1571,0.2990804612636566,753
1572,0.2977581024169922,1717
1573,0.29718324542045593,562
1574,0.2971694767475128,655
1575,0.2969185411930084,1442
1576,0.29637083411216736,988
1577,0.29617059230804443,711
1578,0.29564327001571655,1523
1579,0.2955459654331207,767
1580,0.2953583598136902,1098
1581,0.29486119747161865,337
1582,0.2946847379207611,1084
1583,0.29454725980758667,253
1584,0.2942872643470764,1382
1585,0.294119268655777,695
1586,0.2936185896396637,855
1587,0.29338088631629944,274
1588,0.29335880279541016,896
1589,0.29328808188438416,1423
1590,0.2929292619228363,801
1591,0.29286283254623413,1458
1592,0.2926085591316223,330
1593,0.2922261953353882,535
1594,0.29168227314949036,451
1595,0.29159241914749146,775
1596,0.291342169046402,943
1597,0.2910432517528534,400
1598,0.29049015045166016,549
1599,0.29046115279197693,1657
1600,0.290331095457077,40
1601,0.29012414813041687,191
1602,0.289904922246933,132
1603,0.2897629141807556,838
1604,0.2894664704799652,203
1605,0.28945863246917725,488
1606,0.2892899513244629,84
1607,0.28918400406837463,495
1608,0.2887341380119324,769
1609,0.2886657118797302,1399
1610,0.28861862421035767,442
1611,0.2882131040096283,519
1612,0.28789466619491577,1764
1613,0.28769922256469727,763
1614,0.2870694100856781,1499
1615,0.2869621217250824,455
1616,0.2867662310600281,781
1617,0.28649184107780457,283
1618,0.28636375069618225,499
1619,0.2863101661205292,1057
1620,0.28583183884620667,1191
1621,0.28568145632743835,511
1622,0.2856051027774811,1508
1623,0.2855907380580902,357
1624,0.2850572168827057,1255
1625,0.2848193049430847,1117
1626,0.28453588485717773,1475
1627,0.2843010425567627,1309
1628,0.2842704653739929,315
1629,0.28389355540275574,704
1630,0.28330734372138977,224
1631,0.28326675295829773,785
1632,0.2831788659095764,35
1633,0.2828620672225952,1025
1634,0.2828417122364044,937
1635,0.28277787566185,1056
1636,0.28266799449920654,685
1637,0.28264155983924866,481
1638,0.28226590156555176,910
1639,0.28218209743499756,1082
1640,0.2820276618003845,1076
1641,0.2817498743534088,948
1642,0.28159868717193604,342
1643,0.2814688980579376,522
1644,0.2812860906124115,1072
1645,0.2809583246707916,1284
1646,0.28091248869895935,318
1647,0.28069937229156494,618
1648,0.28050878643989563,1378
1649,0.2804279625415802,1417
1650,0.279518723487854,275
1651,0.2792510688304901,344
1652,0.27924349904060364,1151
1653,0.27875959873199463,586
1654,0.2787485420703888,1806
1655,0.2786960303783417,1065
1656,0.27847009897232056,1089
1657,0.2784111499786377,445
1658,0.27835768461227417,608
1659,0.27828118205070496,621
1660,0.27820727229118347,1615
1661,0.27801522612571716,1404
1662,0.2777344882488251,795
1663,0.27758491039276123,2
1664,0.27749836444854736,408
1665,0.27717599272727966,989
1666,0.2770504653453827,1246
1667,0.27681195735931396,712
1668,0.2768082022666931,308
1669,0.27664095163345337,841
1670,0.2766099274158478,1410
1671,0.2762579023838043,928
1672,0.2762322723865509,498
1673,0.2760099768638611,1457
1674,0.2759830951690674,366
1675,0.27497729659080505,127
1676,0.27495306730270386,739
1677,0.27493396401405334,756
1678,0.2744479775428772,468
1679,0.27437570691108704,1251
1680,0.274044007062912,952
1681,0.27398794889450073,982
1682,0.2735140025615692,297
1683,0.2727571129798889,255
1684,0.27267932891845703,425
1685,0.2726753354072571,874
1686,0.27255481481552124,895
1687,0.2724083364009857,419
1688,0.27214956283569336,1737
1689,0.2721002697944641,389
1690,0.2718507945537567,1510
1691,0.27163106203079224,1093
1692,0.27110809087753296,1400
1693,0.2707253098487854,521
1694,0.26979613304138184,1721
1695,0.2691424489021301,310
1696,0.26899996399879456,707
1697,0.26875701546669006,1761
1698,0.268597811460495,680
1699,0.2678873538970947,328
1700,0.2675355076789856,1561
1701,0.26729243993759155,418
1702,0.2662787139415741,1425
1703,0.2661413252353668,329
1704,0.26563090085983276,496
1705,0.2651464641094208,1059
1706,0.26481422781944275,972
1707,0.26440683007240295,647
1708,0.26423725485801697,133
1709,0.2640373706817627,676
1710,0.26365554332733154,740
1711,0.2634125053882599,641
1712,0.26263460516929626,28
1713,0.26246291399002075,1580
1714,0.2608165442943573,987
1715,0.26054608821868896,417
1716,0.2599797546863556,139
1717,0.2597905397415161,737
1718,0.25964775681495667,930
1719,0.2595495283603668,71
1720,0.25933948159217834,299
1721,0.25864264369010925,502
1722,0.2584936320781708,334
1723,0.2578950822353363,709
1724,0.2578733265399933,79
1725,0.25745296478271484,456
1726,0.25738683342933655,978
1727,0.25715669989585876,1126
1728,0.25697842240333557,333
1729,0.25686442852020264,348
1730,0.2565533220767975,1317
1731,0.25515860319137573,779
1732,0.254227876663208,944
1733,0.2541695535182953,1493
1734,0.25407540798187256,8
1735,0.25334692001342773,1230
1736,0.2532455325126648,1006
1737,0.2532208263874054,673
1738,0.25296303629875183,416
1739,0.25291907787323,746
1740,0.252725213766098,1556
1741,0.25264376401901245,542
1742,0.2524701952934265,326
1743,0.25215891003608704,731
1744,0.2518478333950043,1015
1745,0.2518308162689209,743
1746,0.2514435946941376,716
1747,0.2513560652732849,336
1748,0.2512766122817993,1603
1749,0.2507016360759735,656
1750,0.24991720914840698,364
1751,0.24968643486499786,961
1752,0.24922725558280945,701
1753,0.24890241026878357,193
1754,0.24858804047107697,672
1755,0.24723057448863983,254
1756,0.24703377485275269,644
1757,0.24651606380939484,1704
1758,0.24613656103610992,556
1759,0.24557285010814667,792
1760,0.24448703229427338,394
1761,0.24367894232273102,742
1762,0.24349771440029144,88
1763,0.24328993260860443,363
1764,0.2430591583251953,1199
1765,0.24248762428760529,631
1766,0.24108953773975372,339
1767,0.2406322956085205,1742
1768,0.23998607695102692,721
1769,0.23982863128185272,527
1770,0.2385847270488739,747
1771,0.23760312795639038,917
1772,0.23725345730781555,789
1773,0.23717308044433594,331
1774,0.2365901619195938,483
1775,0.23640753328800201,698
1776,0.23557665944099426,540
1777,0.23499524593353271,493
1778,0.23394176363945007,627
1779,0.2330063134431839,1135
1780,0.23203662037849426,323
1781,0.23196695744991302,1656
1782,0.23064611852169037,1342
1783,0.23035302758216858,75
1784,0.23031607270240784,723
1785,0.22980132699012756,1703
1786,0.22769512236118317,1024
1787,0.22694994509220123,192
1788,0.22672642767429352,325
1789,0.22661657631397247,977
1790,0.2261776626110077,949
1791,0.22476938366889954,1465
1792,0.2238183319568634,69
1793,0.22376511991024017,1647
1794,0.2233264297246933,433
1795,0.22188255190849304,876
1796,0.22134515643119812,652
1797,0.2183510959148407,517
1798,0.2183072865009308,724
1799,0.2177569717168808,722
1800,0.21653379499912262,893
1801,0.21610897779464722,856
1802,0.21593664586544037,659
1803,0.21588081121444702,886
1804,0.2135535478591919,686
1805,0.2081420123577118,585
1806,0.20733928680419922,1008
1807,0.2055220901966095,43
1808,0.20480825006961823,126
1809,0.19862429797649384,694
