,target_num,prod_num,similarity
0,2576,2576,1.000000238418579
1,2576,2490,0.9977441430091858
2,2576,968,0.8072314262390137
3,2576,1006,0.796306848526001
4,2576,1012,0.7872525453567505
5,2576,2652,0.7782259583473206
6,2576,2248,0.777012050151825
7,2576,953,0.7723544239997864
8,2576,1000,0.7704347372055054
9,2576,952,0.7624061107635498
10,2576,999,0.7487163543701172
11,2576,571,0.746619462966919
12,2576,2249,0.7440370917320251
13,2576,2649,0.7439658045768738
14,2576,951,0.7430874109268188
15,2576,2631,0.7418078184127808
16,2576,2622,0.741367518901825
17,2576,931,0.7405474185943604
18,2576,2255,0.7405152916908264
19,2576,906,0.740442156791687
20,2576,2644,0.7401286959648132
21,2576,936,0.7387768030166626
22,2576,3148,0.7384511232376099
23,2576,1028,0.7384161353111267
24,2576,883,0.7381464838981628
25,2576,2245,0.7370027303695679
26,2576,2247,0.736480712890625
27,2576,2236,0.7330515384674072
28,2576,909,0.7323960661888123
29,2576,581,0.7316213846206665
30,2576,2253,0.7306396961212158
31,2576,2240,0.7299032211303711
32,2576,2246,0.728830099105835
33,2576,2242,0.727712869644165
34,2576,998,0.7257567048072815
35,2576,934,0.7237411141395569
36,2576,967,0.7234938740730286
37,2576,985,0.7230439782142639
38,2576,918,0.7224442362785339
39,2576,2602,0.7217849493026733
40,2576,1011,0.7215178608894348
41,2576,908,0.7213932871818542
42,2576,1007,0.7206814885139465
43,2576,1017,0.7183893918991089
44,2576,2633,0.7178380489349365
45,2576,3156,0.7173487544059753
46,2576,3460,0.7167790532112122
47,2576,2262,0.7155401110649109
48,2576,955,0.7149363160133362
49,2576,891,0.7149079442024231
50,2576,958,0.7141963839530945
51,2576,1002,0.7141513824462891
52,2576,2232,0.713972806930542
53,2576,2658,0.7138333916664124
54,2576,957,0.7134315967559814
55,2576,3166,0.7132284045219421
56,2576,2560,0.7110018730163574
57,2576,558,0.7099142074584961
58,2576,2241,0.7097300887107849
59,2576,3138,0.7083858847618103
60,2576,3360,0.7072848677635193
61,2576,3137,0.7067623734474182
62,2576,978,0.7065508365631104
63,2576,1015,0.7057987451553345
64,2576,976,0.7048739194869995
65,2576,247,0.7027722001075745
66,2576,578,0.7005326151847839
67,2576,913,0.6998296976089478
68,2576,3194,0.6996096968650818
69,2576,3150,0.698888897895813
70,2576,972,0.698485791683197
71,2576,882,0.6984422206878662
72,2576,3145,0.6977038979530334
73,2576,2252,0.6976892352104187
74,2576,930,0.6972948908805847
75,2576,927,0.6972728371620178
76,2576,3367,0.6959514617919922
77,2576,3368,0.6958346962928772
78,2576,3164,0.6955124139785767
79,2576,919,0.695264995098114
80,2576,990,0.694007933139801
81,2576,2612,0.6933868527412415
82,2576,2256,0.6930210590362549
83,2576,983,0.6920398473739624
84,2576,965,0.6895918250083923
85,2576,576,0.6893576383590698
86,2576,3165,0.6893506050109863
87,2576,559,0.6888242363929749
88,2576,895,0.6882568001747131
89,2576,896,0.6882219314575195
90,2576,2648,0.6880499124526978
91,2576,964,0.6864213943481445
92,2576,3449,0.6864083409309387
93,2576,3193,0.6850913763046265
94,2576,970,0.6850610971450806
95,2576,2250,0.6850508451461792
96,2576,3375,0.684867262840271
97,2576,2605,0.6828567981719971
98,2576,2504,0.6828567981719971
99,2576,3132,0.6809492707252502
100,2576,3365,0.6799941658973694
101,2576,572,0.6785027980804443
102,2576,2706,0.6777993440628052
103,2576,973,0.6776326894760132
104,2576,1008,0.6753766536712646
105,2576,966,0.6753420233726501
106,2576,3130,0.6735986471176147
107,2576,969,0.6731728315353394
108,2576,994,0.6714832782745361
109,2576,3458,0.6712279915809631
110,2576,903,0.6710466146469116
111,2576,1009,0.6709932088851929
112,2576,3356,0.6706258654594421
113,2576,991,0.66860032081604
114,2576,2165,0.6685372591018677
115,2576,954,0.6657669544219971
116,2576,2651,0.6657243967056274
117,2576,3153,0.6657159328460693
118,2576,1019,0.6655042171478271
119,2576,3447,0.6654899716377258
120,2576,2239,0.664766788482666
121,2576,2572,0.6642772555351257
122,2576,2487,0.6638171672821045
123,2576,977,0.6628613471984863
124,2576,3373,0.6619797348976135
125,2576,3146,0.6617417335510254
126,2576,894,0.6616703271865845
127,2576,1213,0.6607152819633484
128,2576,2263,0.6606888175010681
129,2576,509,0.6588756442070007
130,2576,996,0.6563529968261719
131,2576,3452,0.6562133431434631
132,2576,1536,0.6559793949127197
133,2576,3353,0.655975878238678
134,2576,2238,0.6556925773620605
135,2576,485,0.6553022861480713
136,2576,560,0.654182493686676
137,2576,3186,0.6541570425033569
138,2576,2585,0.6539463400840759
139,2576,873,0.6536592245101929
140,2576,1087,0.6509990692138672
141,2576,897,0.6508535742759705
142,2576,2561,0.6496074795722961
143,2576,2258,0.6495735049247742
144,2576,899,0.6494227051734924
145,2576,971,0.6467836499214172
146,2576,165,0.6466030478477478
147,2576,1026,0.6465989351272583
148,2576,1023,0.6453138589859009
149,2576,2654,0.644763708114624
150,2576,982,0.6444532871246338
151,2576,886,0.6437953114509583
152,2576,580,0.6420045495033264
153,2576,2163,0.6408131122589111
154,2576,3131,0.6406216621398926
155,2576,3359,0.6406163573265076
156,2576,1014,0.6381921768188477
157,2576,2976,0.6376062035560608
158,2576,3139,0.6374862194061279
159,2576,3445,0.6371229887008667
160,2576,959,0.6368487477302551
161,2576,2575,0.634789228439331
162,2576,2494,0.6344054341316223
163,2576,1510,0.6336357593536377
164,2576,2711,0.6333808302879333
165,2576,2522,0.6325839757919312
166,2576,301,0.6322205066680908
167,2576,3366,0.6314751505851746
168,2576,2521,0.6311568021774292
169,2576,2693,0.6287650465965271
170,2576,2237,0.6286600232124329
171,2576,1027,0.6284626722335815
172,2576,1025,0.6280695199966431
173,2576,1474,0.6270420551300049
174,2576,2634,0.6268345713615417
175,2576,928,0.6261459589004517
176,2576,2712,0.6260008811950684
177,2576,2842,0.6256870031356812
178,2576,3158,0.6253882050514221
179,2576,2229,0.6253760457038879
180,2576,3144,0.6253450512886047
181,2576,910,0.6247061491012573
182,2576,579,0.6236144304275513
183,2576,1987,0.6234370470046997
184,2576,385,0.6211481690406799
185,2576,2632,0.6209388971328735
186,2576,2489,0.6204336285591125
187,2576,3293,0.6194326877593994
188,2576,3362,0.6182113885879517
189,2576,942,0.6164180040359497
190,2576,1822,0.6163434982299805
191,2576,920,0.6160282492637634
192,2576,574,0.615774393081665
193,2576,589,0.6157240271568298
194,2576,3149,0.6154295206069946
195,2576,577,0.6150516867637634
196,2576,1024,0.6140194535255432
197,2576,981,0.6138483285903931
198,2576,940,0.6124571561813354
199,2576,2230,0.6100418567657471
200,2576,2063,0.6089667081832886
201,2576,3192,0.608533501625061
202,2576,1867,0.6082072257995605
203,2576,2710,0.6072182059288025
204,2576,1013,0.6068737506866455
205,2576,986,0.6062981486320496
206,2576,992,0.6057646870613098
207,2576,2251,0.605129063129425
208,2576,3196,0.6040738821029663
209,2576,975,0.6031806468963623
210,2576,2641,0.6028382778167725
211,2576,2244,0.6019298434257507
212,2576,963,0.601778507232666
213,2576,956,0.601340651512146
214,2576,2235,0.6012608408927917
215,2576,1004,0.6005043387413025
216,2576,929,0.5988787412643433
217,2576,984,0.5982320308685303
218,2576,901,0.5962499976158142
219,2576,993,0.5948984026908875
220,2576,2231,0.5945643186569214
221,2576,174,0.5944250226020813
222,2576,1003,0.594331681728363
223,2576,3080,0.5942160487174988
224,2576,902,0.5928428769111633
225,2576,2233,0.5920314788818359
226,2576,3364,0.5919358134269714
227,2576,979,0.5911305546760559
228,2576,980,0.5906459093093872
229,2576,2663,0.5905867218971252
230,2576,1020,0.5903013944625854
231,2576,2043,0.5896031260490417
232,2576,2659,0.588831901550293
233,2576,201,0.5874426364898682
234,2576,1306,0.5871291756629944
235,2576,3358,0.5862557291984558
236,2576,3147,0.5853626728057861
237,2576,667,0.5839188694953918
238,2576,3372,0.5836789608001709
239,2576,1370,0.5835822224617004
240,2576,2259,0.5835520625114441
241,2576,758,0.5835199356079102
242,2576,1544,0.583473265171051
243,2576,183,0.5824530124664307
244,2576,1010,0.5822345614433289
245,2576,3154,0.5818940997123718
246,2576,2073,0.5805834531784058
247,2576,243,0.5797361135482788
248,2576,2953,0.579452633857727
249,2576,3140,0.5793288946151733
250,2576,881,0.5786414742469788
251,2576,4,0.5784076452255249
252,2576,1066,0.5778182148933411
253,2576,3292,0.5772829055786133
254,2576,302,0.5772594213485718
255,2576,2624,0.5768594741821289
256,2576,3155,0.5762916803359985
257,2576,2708,0.5753961801528931
258,2576,938,0.5751000046730042
259,2576,2408,0.5740329027175903
260,2576,2050,0.5736396908760071
261,2576,1989,0.5733157992362976
262,2576,1383,0.5726916790008545
263,2576,586,0.571709156036377
264,2576,3354,0.5703133940696716
265,2576,1077,0.5696681141853333
266,2576,1561,0.5686227679252625
267,2576,989,0.5674622058868408
268,2576,1190,0.5673280358314514
269,2576,184,0.5665352940559387
270,2576,961,0.5653611421585083
271,2576,1868,0.5647858381271362
272,2576,2052,0.564474880695343
273,2576,2512,0.5641601085662842
274,2576,1766,0.5633884072303772
275,2576,1357,0.5633330345153809
276,2576,3468,0.5630373954772949
277,2576,309,0.5628587007522583
278,2576,1046,0.5625542402267456
279,2576,2630,0.5618184804916382
280,2576,987,0.5617456436157227
281,2576,2892,0.5617353320121765
282,2576,377,0.5613254904747009
283,2576,988,0.5612955093383789
284,2576,923,0.5605331659317017
285,2576,2643,0.5604874491691589
286,2576,2365,0.5602207779884338
287,2576,1001,0.5600324869155884
288,2576,2621,0.5592410564422607
289,2576,1531,0.5591057538986206
290,2576,3355,0.5578223466873169
291,2576,924,0.557711660861969
292,2576,2026,0.5576905012130737
293,2576,2526,0.5573768019676208
294,2576,915,0.556991696357727
295,2576,3018,0.5569074749946594
296,2576,393,0.5568917989730835
297,2576,1962,0.5568382143974304
298,2576,1543,0.5564218163490295
299,2576,299,0.5562046766281128
300,2576,351,0.5559582710266113
301,2576,755,0.5558829307556152
302,2576,1416,0.554975152015686
303,2576,288,0.5546514987945557
304,2576,2473,0.5541573762893677
305,2576,995,0.5536063313484192
306,2576,321,0.5528718829154968
307,2576,1016,0.5526395440101624
308,2576,2276,0.5524963140487671
309,2576,878,0.5522258877754211
310,2576,1522,0.5518923997879028
311,2576,553,0.5514481663703918
312,2576,1735,0.5513479709625244
313,2576,1091,0.5510373711585999
314,2576,3457,0.5506629347801208
315,2576,900,0.5486689805984497
316,2576,2132,0.5481767654418945
317,2576,2737,0.5480333566665649
318,2576,890,0.5474116206169128
319,2576,2234,0.5457606911659241
320,2576,2979,0.5456793308258057
321,2576,3361,0.5448008179664612
322,2576,2017,0.5436766743659973
323,2576,1355,0.5436064004898071
324,2576,2510,0.5431239008903503
325,2576,1022,0.5429136753082275
326,2576,2804,0.5426465272903442
327,2576,2705,0.5421594977378845
328,2576,1922,0.542141318321228
329,2576,246,0.5416333079338074
330,2576,2640,0.5412122011184692
331,2576,245,0.5411306023597717
332,2576,2792,0.5410940051078796
333,2576,2368,0.5410294532775879
334,2576,3106,0.5398676991462708
335,2576,885,0.5390358567237854
336,2576,2264,0.5387991070747375
337,2576,2357,0.5384950041770935
338,2576,847,0.5380017161369324
339,2576,947,0.5379629731178284
340,2576,1352,0.5379468202590942
341,2576,624,0.5377373695373535
342,2576,3323,0.5372738242149353
343,2576,2637,0.537054181098938
344,2576,1830,0.5369580388069153
345,2576,2500,0.53619384765625
346,2576,874,0.5358266830444336
347,2576,2417,0.5353964567184448
348,2576,68,0.5351392030715942
349,2576,3357,0.5348195433616638
350,2576,1538,0.5344523787498474
351,2576,2260,0.5342133045196533
352,2576,1518,0.5336667895317078
353,2576,1567,0.5335596203804016
354,2576,898,0.5328799486160278
355,2576,2066,0.532728910446167
356,2576,2599,0.5322644710540771
357,2576,926,0.5318331122398376
358,2576,2679,0.5312371850013733
359,2576,1950,0.5309106111526489
360,2576,2266,0.5306028127670288
361,2576,949,0.5305219888687134
362,2576,323,0.5304538011550903
363,2576,1533,0.5299786925315857
364,2576,2944,0.5297422409057617
365,2576,294,0.5293474793434143
366,2576,2756,0.5282336473464966
367,2576,3136,0.528190553188324
368,2576,1557,0.5281867980957031
369,2576,1552,0.5280516147613525
370,2576,3493,0.5280234217643738
371,2576,1021,0.527336835861206
372,2576,1558,0.5273308157920837
373,2576,960,0.5272001028060913
374,2576,2600,0.5270593762397766
375,2576,2393,0.527006983757019
376,2576,575,0.526961088180542
377,2576,2952,0.5269594788551331
378,2576,3143,0.5268807411193848
379,2576,149,0.5267323851585388
380,2576,1415,0.5266761183738708
381,2576,2015,0.5263023376464844
382,2576,851,0.5253877639770508
383,2576,3004,0.5253051519393921
384,2576,3456,0.524662971496582
385,2576,3195,0.5245572924613953
386,2576,1127,0.5244304537773132
387,2576,1277,0.5240995287895203
388,2576,1888,0.523604154586792
389,2576,396,0.5232054591178894
390,2576,866,0.5230908989906311
391,2576,2740,0.5230181813240051
392,2576,1632,0.5227711796760559
393,2576,2382,0.522318422794342
394,2576,1555,0.5221690535545349
395,2576,594,0.5217397212982178
396,2576,2465,0.5216781497001648
397,2576,671,0.5212783217430115
398,2576,3103,0.5210351347923279
399,2576,375,0.5208337306976318
400,2576,1018,0.5199617147445679
401,2576,742,0.5199464559555054
402,2576,2243,0.5198196172714233
403,2576,2366,0.5195144414901733
404,2576,1565,0.5190518498420715
405,2576,887,0.5186788439750671
406,2576,334,0.5186581015586853
407,2576,2609,0.5185477137565613
408,2576,1853,0.5181406736373901
409,2576,1691,0.5180873870849609
410,2576,3167,0.5176026225090027
411,2576,1369,0.5174990892410278
412,2576,944,0.5171270966529846
413,2576,267,0.5166098475456238
414,2576,2367,0.5160046219825745
415,2576,1601,0.515977144241333
416,2576,2571,0.5156365633010864
417,2576,1590,0.5151699185371399
418,2576,1059,0.515102744102478
419,2576,2113,0.5148411393165588
420,2576,1939,0.5146627426147461
421,2576,2692,0.5143679976463318
422,2576,2655,0.5140643119812012
423,2576,3507,0.5139824151992798
424,2576,2082,0.5139505863189697
425,2576,477,0.5138666033744812
426,2576,3509,0.5137302279472351
427,2576,2662,0.5136073231697083
428,2576,1657,0.5134018063545227
429,2576,2947,0.5133531093597412
430,2576,911,0.5132482051849365
431,2576,3000,0.512823224067688
432,2576,2653,0.5126253366470337
433,2576,806,0.5121655464172363
434,2576,130,0.511941134929657
435,2576,2592,0.511885404586792
436,2576,1963,0.5113545060157776
437,2576,1092,0.5103479027748108
438,2576,1810,0.5102024674415588
439,2576,242,0.509151041507721
440,2576,3500,0.5089353919029236
441,2576,2055,0.5087254047393799
442,2576,2341,0.5086600184440613
443,2576,127,0.5086057782173157
444,2576,1917,0.5083675980567932
445,2576,1833,0.5081992745399475
446,2576,1193,0.5080589056015015
447,2576,2433,0.5077217817306519
448,2576,1425,0.5076878666877747
449,2576,1153,0.5074693560600281
450,2576,3463,0.5074121952056885
451,2576,2977,0.5073508620262146
452,2576,1521,0.5072541236877441
453,2576,2996,0.5071781277656555
454,2576,2527,0.5070765018463135
455,2576,317,0.5066647529602051
456,2576,733,0.5065295696258545
457,2576,2942,0.5061642527580261
458,2576,1595,0.5059947371482849
459,2576,1197,0.5053942203521729
460,2576,2733,0.5049372911453247
461,2576,379,0.504928469657898
462,2576,3083,0.5046343803405762
463,2576,892,0.504553496837616
464,2576,2461,0.5045221447944641
465,2576,160,0.5044867396354675
466,2576,3508,0.5043725967407227
467,2576,2379,0.5043097138404846
468,2576,2141,0.5042557120323181
469,2576,2547,0.5037873983383179
470,2576,588,0.5036161541938782
471,2576,1872,0.5035748481750488
472,2576,2318,0.5030587315559387
473,2576,741,0.5026640892028809
474,2576,2671,0.5020794868469238
475,2576,2100,0.5019361972808838
476,2576,2769,0.5016472339630127
477,2576,1604,0.5016411542892456
478,2576,2879,0.5015300512313843
479,2576,843,0.5012344121932983
480,2576,2810,0.5007807612419128
481,2576,2409,0.5006256699562073
482,2576,1971,0.5005720853805542
483,2576,3209,0.5004727840423584
484,2576,1527,0.5004416704177856
485,2576,2358,0.5004110336303711
486,2576,2356,0.5004110336303711
487,2576,893,0.500319242477417
488,2576,2874,0.5001295208930969
489,2576,2299,0.49997612833976746
490,2576,2753,0.49976763129234314
491,2576,3591,0.4994639456272125
492,2576,2460,0.4988999366760254
493,2576,1526,0.49881330132484436
494,2576,2283,0.4987711012363434
495,2576,2271,0.49851953983306885
496,2576,884,0.49846354126930237
497,2576,359,0.4984281361103058
498,2576,2432,0.4983723759651184
499,2576,168,0.49834632873535156
500,2576,1605,0.4982181191444397
501,2576,2364,0.49821335077285767
502,2576,2625,0.49816498160362244
503,2576,2140,0.4979720115661621
504,2576,2268,0.4974753260612488
505,2576,2049,0.4972381293773651
506,2576,663,0.4967970550060272
507,2576,1921,0.4964020252227783
508,2576,1864,0.49624693393707275
509,2576,1916,0.4960159361362457
510,2576,2813,0.4958478808403015
511,2576,170,0.49574267864227295
512,2576,2503,0.49542734026908875
513,2576,307,0.49536535143852234
514,2576,2360,0.4952618479728699
515,2576,2422,0.49517345428466797
516,2576,1951,0.4949786961078644
517,2576,2736,0.49497196078300476
518,2576,2458,0.49488580226898193
519,2576,1650,0.4946894645690918
520,2576,2481,0.4946542978286743
521,2576,2794,0.49459952116012573
522,2576,3418,0.4945048987865448
523,2576,2567,0.4943835437297821
524,2576,3095,0.49368879199028015
525,2576,587,0.493599534034729
526,2576,514,0.4931623041629791
527,2576,3311,0.49264734983444214
528,2576,1532,0.49247828125953674
529,2576,1291,0.4921305775642395
530,2576,2742,0.4920731484889984
531,2576,2059,0.492021381855011
532,2576,945,0.49191707372665405
533,2576,1389,0.49142399430274963
534,2576,182,0.490636944770813
535,2576,1786,0.49040621519088745
536,2576,1456,0.4903317093849182
537,2576,932,0.49031269550323486
538,2576,2401,0.49028509855270386
539,2576,2452,0.4900254011154175
540,2576,3005,0.49001696705818176
541,2576,2735,0.48975950479507446
542,2576,943,0.4896785020828247
543,2576,3480,0.48913437128067017
544,2576,2373,0.4888959527015686
545,2576,889,0.488862007856369
546,2576,1740,0.4884055256843567
547,2576,2064,0.4882851839065552
548,2576,2035,0.4882826507091522
549,2576,2724,0.4876738488674164
550,2576,2897,0.4875226318836212
551,2576,745,0.4873966872692108
552,2576,3438,0.4872053861618042
553,2576,147,0.4871954023838043
554,2576,1751,0.487140029668808
555,2576,777,0.48693686723709106
556,2576,2661,0.4868459403514862
557,2576,2267,0.486797958612442
558,2576,2464,0.4867717921733856
559,2576,3483,0.4867672920227051
560,2576,1453,0.4867282807826996
561,2576,2610,0.4867039620876312
562,2576,1564,0.48668229579925537
563,2576,2463,0.4865526854991913
564,2576,2029,0.4865473508834839
565,2576,1873,0.4864462912082672
566,2576,2104,0.48624926805496216
567,2576,573,0.4861023426055908
568,2576,204,0.48603829741477966
569,2576,3433,0.4858397841453552
570,2576,2903,0.48578235507011414
571,2576,732,0.4856588840484619
572,2576,3291,0.4856036901473999
573,2576,658,0.4855527877807617
574,2576,668,0.4855184555053711
575,2576,2162,0.4854854345321655
576,2576,172,0.485429584980011
577,2576,3240,0.4853754937648773
578,2576,1663,0.485293984413147
579,2576,730,0.485182523727417
580,2576,213,0.4847336709499359
581,2576,2887,0.4846395254135132
582,2576,2893,0.48454001545906067
583,2576,3423,0.4844793975353241
584,2576,1741,0.484417200088501
585,2576,1496,0.4843631088733673
586,2576,3455,0.4843614399433136
587,2576,1586,0.484269917011261
588,2576,1664,0.48413944244384766
589,2576,187,0.4840097427368164
590,2576,2131,0.4839782118797302
591,2576,3085,0.4839651584625244
592,2576,825,0.4839317798614502
593,2576,3474,0.48389387130737305
594,2576,626,0.4838905930519104
595,2576,2890,0.48377496004104614
596,2576,2961,0.4837593734264374
597,2576,2281,0.4837433099746704
598,2576,1944,0.4835495352745056
599,2576,2684,0.4834755063056946
600,2576,2664,0.4834660589694977
601,2576,2403,0.4832673966884613
602,2576,25,0.4832545220851898
603,2576,3002,0.48311924934387207
604,2576,2727,0.4829796552658081
605,2576,406,0.48247992992401123
606,2576,2057,0.4824288785457611
607,2576,2885,0.48223191499710083
608,2576,380,0.48204830288887024
609,2576,1560,0.4820423722267151
610,2576,2374,0.48201945424079895
611,2576,2275,0.48180824518203735
612,2576,2987,0.48176461458206177
613,2576,1781,0.4814501404762268
614,2576,332,0.48143553733825684
615,2576,2431,0.48125144839286804
616,2576,1813,0.48096612095832825
617,2576,2068,0.48081347346305847
618,2576,974,0.4807696044445038
619,2576,834,0.48076847195625305
620,2576,1858,0.48073145747184753
621,2576,3448,0.4806351363658905
622,2576,349,0.4806150197982788
623,2576,3014,0.48046842217445374
624,2576,146,0.48037758469581604
625,2576,3294,0.48029011487960815
626,2576,2739,0.4802812337875366
627,2576,1596,0.4799407720565796
628,2576,3072,0.4799278676509857
629,2576,3607,0.47989702224731445
630,2576,1547,0.4797492027282715
631,2576,1106,0.479473352432251
632,2576,420,0.4792232811450958
633,2576,203,0.47913652658462524
634,2576,1592,0.47909608483314514
635,2576,2784,0.47904258966445923
636,2576,582,0.47903960943222046
637,2576,2426,0.47893092036247253
638,2576,2984,0.47878000140190125
639,2576,131,0.47874435782432556
640,2576,3504,0.4786854088306427
641,2576,2940,0.47861552238464355
642,2576,3351,0.4785040616989136
643,2576,759,0.47829902172088623
644,2576,422,0.47818323969841003
645,2576,1588,0.4780869781970978
646,2576,1138,0.4779847264289856
647,2576,2101,0.4775520861148834
648,2576,1935,0.4774845242500305
649,2576,352,0.4774409532546997
650,2576,1684,0.47742241621017456
651,2576,2323,0.47737762331962585
652,2576,1504,0.4772499203681946
653,2576,937,0.4768024682998657
654,2576,1640,0.4765647351741791
655,2576,293,0.4765474498271942
656,2576,296,0.47648003697395325
657,2576,372,0.47613370418548584
658,2576,1726,0.4758663475513458
659,2576,386,0.47555315494537354
660,2576,199,0.4754560887813568
661,2576,1498,0.47530490159988403
662,2576,1545,0.47521960735321045
663,2576,2447,0.47510531544685364
664,2576,950,0.47497934103012085
665,2576,1817,0.4749564230442047
666,2576,178,0.47486504912376404
667,2576,1767,0.47471779584884644
668,2576,358,0.47447940707206726
669,2576,669,0.47427526116371155
670,2576,1550,0.47398126125335693
671,2576,3475,0.4739431142807007
672,2576,3028,0.47384336590766907
673,2576,2009,0.4738258123397827
674,2576,5,0.4737805724143982
675,2576,876,0.4736016094684601
676,2576,3476,0.4735517203807831
677,2576,2455,0.4734346270561218
678,2576,2871,0.4734112322330475
679,2576,1331,0.47336408495903015
680,2576,1753,0.47334024310112
681,2576,370,0.47324860095977783
682,2576,211,0.47319871187210083
683,2576,2639,0.4731709361076355
684,2576,2164,0.4728738069534302
685,2576,962,0.4728464186191559
686,2576,848,0.472807377576828
687,2576,134,0.4726645052433014
688,2576,1479,0.4725727438926697
689,2576,129,0.4723290503025055
690,2576,423,0.47227948904037476
691,2576,190,0.4721760153770447
692,2576,241,0.4720865488052368
693,2576,1172,0.471880167722702
694,2576,191,0.4715864658355713
695,2576,1457,0.4715254306793213
696,2576,463,0.47147858142852783
697,2576,1754,0.4714173376560211
698,2576,2269,0.4712594449520111
699,2576,815,0.4711293876171112
700,2576,216,0.4709814786911011
701,2576,2380,0.4709031581878662
702,2576,3120,0.47071871161460876
703,2576,2645,0.4706118702888489
704,2576,1542,0.4704916477203369
705,2576,197,0.4703960418701172
706,2576,2045,0.4702680706977844
707,2576,1945,0.47017863392829895
708,2576,3471,0.4700830280780792
709,2576,3439,0.47006532549858093
710,2576,2395,0.4699774384498596
711,2576,29,0.46993085741996765
712,2576,3157,0.4696667194366455
713,2576,746,0.4696453809738159
714,2576,207,0.46937116980552673
715,2576,1530,0.46905839443206787
716,2576,2378,0.46900108456611633
717,2576,997,0.46880102157592773
718,2576,1898,0.46875864267349243
719,2576,1248,0.46850255131721497
720,2576,1747,0.46848264336586
721,2576,3013,0.46840617060661316
722,2576,2843,0.4683321416378021
723,2576,2361,0.4681459367275238
724,2576,1349,0.46812960505485535
725,2576,143,0.4681224524974823
726,2576,1847,0.46804365515708923
727,2576,2392,0.4679749011993408
728,2576,3464,0.4678935408592224
729,2576,2028,0.4678623676300049
730,2576,2282,0.46780312061309814
731,2576,3487,0.46778953075408936
732,2576,2444,0.46775713562965393
733,2576,857,0.46775704622268677
734,2576,2534,0.4677310287952423
735,2576,2288,0.46757104992866516
736,2576,1155,0.46753615140914917
737,2576,1710,0.4675149619579315
738,2576,2973,0.4674583673477173
739,2576,1993,0.4673680365085602
740,2576,2840,0.4670218229293823
741,2576,400,0.4670037031173706
742,2576,2286,0.4669889509677887
743,2576,2094,0.46694618463516235
744,2576,1880,0.4663050174713135
745,2576,622,0.4662911891937256
746,2576,3102,0.4661858081817627
747,2576,3318,0.46589988470077515
748,2576,635,0.4658184051513672
749,2576,1816,0.4658171832561493
750,2576,435,0.4658169150352478
751,2576,2404,0.46577346324920654
752,2576,237,0.465766578912735
753,2576,108,0.4657570421695709
754,2576,550,0.4657025635242462
755,2576,1986,0.46565061807632446
756,2576,2891,0.46558478474617004
757,2576,1273,0.46557047963142395
758,2576,2809,0.4655038118362427
759,2576,2924,0.46550270915031433
760,2576,2743,0.46531224250793457
761,2576,1455,0.46521812677383423
762,2576,3073,0.46504467725753784
763,2576,1834,0.46499359607696533
764,2576,1516,0.464897483587265
765,2576,2943,0.46480193734169006
766,2576,1529,0.46476900577545166
767,2576,2384,0.4646855592727661
768,2576,2958,0.46461132168769836
769,2576,1500,0.46457627415657043
770,2576,1866,0.4645598828792572
771,2576,790,0.4643874168395996
772,2576,167,0.4643362760543823
773,2576,2083,0.46425607800483704
774,2576,1589,0.46424949169158936
775,2576,925,0.4642285704612732
776,2576,373,0.464206337928772
777,2576,2754,0.46420055627822876
778,2576,1382,0.4639681279659271
779,2576,1842,0.4638756513595581
780,2576,1831,0.46361032128334045
781,2576,2019,0.4635699391365051
782,2576,2878,0.4635521173477173
783,2576,513,0.46340104937553406
784,2576,1295,0.46334823966026306
785,2576,712,0.46316733956336975
786,2576,164,0.46309515833854675
787,2576,505,0.46291384100914
788,2576,751,0.4628659784793854
789,2576,154,0.4628385901451111
790,2576,788,0.4628007113933563
791,2576,3420,0.4627230763435364
792,2576,2849,0.46265286207199097
793,2576,2388,0.46256154775619507
794,2576,1783,0.4624420404434204
795,2576,2414,0.4623781144618988
796,2576,1559,0.4623722434043884
797,2576,1965,0.461944043636322
798,2576,3123,0.4619106650352478
799,2576,768,0.4618974030017853
800,2576,2407,0.46186575293540955
801,2576,2420,0.4618062973022461
802,2576,2402,0.46176475286483765
803,2576,1478,0.46171674132347107
804,2576,2054,0.46155041456222534
805,2576,2285,0.4614737033843994
806,2576,2071,0.461060106754303
807,2576,1464,0.461030513048172
808,2576,1487,0.46091318130493164
809,2576,728,0.46090203523635864
810,2576,2685,0.46087920665740967
811,2576,2228,0.46078038215637207
812,2576,823,0.460754930973053
813,2576,2406,0.46063509583473206
814,2576,3026,0.46057644486427307
815,2576,3007,0.46052271127700806
816,2576,1593,0.46028661727905273
817,2576,1961,0.4602833688259125
818,2576,1236,0.4600902497768402
819,2576,1495,0.4600873291492462
820,2576,1599,0.45997703075408936
821,2576,1528,0.4598482549190521
822,2576,9,0.45981600880622864
823,2576,640,0.45967257022857666
824,2576,1878,0.45965269207954407
825,2576,3329,0.45965197682380676
826,2576,1669,0.45953547954559326
827,2576,3218,0.4595021605491638
828,2576,398,0.4594496190547943
829,2576,388,0.4591807723045349
830,2576,2416,0.4591605067253113
831,2576,1915,0.45909950137138367
832,2576,3089,0.4590427279472351
833,2576,2439,0.4590192437171936
834,2576,1483,0.4589562714099884
835,2576,186,0.45868435502052307
836,2576,2457,0.45860356092453003
837,2576,2127,0.45848000049591064
838,2576,38,0.4582102596759796
839,2576,41,0.4581594467163086
840,2576,2709,0.45815134048461914
841,2576,939,0.45811375975608826
842,2576,1801,0.4580315351486206
843,2576,180,0.4578610360622406
844,2576,2327,0.4575546681880951
845,2576,921,0.4575161337852478
846,2576,328,0.4575065076351166
847,2576,3513,0.4573283791542053
848,2576,1875,0.4572080969810486
849,2576,2785,0.4571770429611206
850,2576,718,0.4570370614528656
851,2576,2683,0.4569358825683594
852,2576,3581,0.4569103717803955
853,2576,2053,0.4569079875946045
854,2576,1148,0.4567982852458954
855,2576,3168,0.45650574564933777
856,2576,1600,0.4564875364303589
857,2576,61,0.4564618766307831
858,2576,378,0.4563584327697754
859,2576,617,0.4562826454639435
860,2576,2758,0.4562753438949585
861,2576,3099,0.456177294254303
862,2576,3249,0.4560697376728058
863,2576,2752,0.45593345165252686
864,2576,1782,0.4558863043785095
865,2576,1759,0.45584747195243835
866,2576,2270,0.4558146297931671
867,2576,1643,0.45549145340919495
868,2576,2130,0.45537322759628296
869,2576,465,0.4552857279777527
870,2576,3503,0.4552256166934967
871,2576,0,0.45516130328178406
872,2576,2763,0.4551011323928833
873,2576,2076,0.45495131611824036
874,2576,2430,0.4547831118106842
875,2576,1861,0.45465394854545593
876,2576,1534,0.4546401798725128
877,2576,1379,0.45456209778785706
878,2576,2363,0.45452630519866943
879,2576,6,0.45441338419914246
880,2576,2097,0.4543846547603607
881,2576,1896,0.454383909702301
882,2576,2738,0.45430293679237366
883,2576,785,0.4542732834815979
884,2576,3011,0.4542264938354492
885,2576,2067,0.45416203141212463
886,2576,527,0.45413675904273987
887,2576,1568,0.4540966749191284
888,2576,189,0.4540267586708069
889,2576,202,0.4539073705673218
890,2576,2220,0.45385828614234924
891,2576,3405,0.45379143953323364
892,2576,1459,0.45374104380607605
893,2576,353,0.4537380337715149
894,2576,3526,0.4534481167793274
895,2576,1752,0.453259140253067
896,2576,1413,0.4532543420791626
897,2576,318,0.4530012309551239
898,2576,2107,0.4528898596763611
899,2576,2415,0.45281413197517395
900,2576,2095,0.45281410217285156
901,2576,2975,0.452806681394577
902,2576,192,0.45278051495552063
903,2576,2993,0.4523892104625702
904,2576,110,0.4523813724517822
905,2576,3170,0.45219656825065613
906,2576,162,0.45214709639549255
907,2576,2931,0.452120304107666
908,2576,1447,0.4521191418170929
909,2576,225,0.4520944058895111
910,2576,399,0.4520307779312134
911,2576,1399,0.45189231634140015
912,2576,3015,0.45175743103027344
913,2576,2021,0.45172908902168274
914,2576,1394,0.45163971185684204
915,2576,55,0.45132437348365784
916,2576,150,0.451285719871521
917,2576,424,0.451217383146286
918,2576,2037,0.4511181116104126
919,2576,699,0.4511074125766754
920,2576,3502,0.4510449469089508
921,2576,2265,0.4510449469089508
922,2576,1553,0.4510449469089508
923,2576,2274,0.4510449469089508
924,2576,1506,0.4510449469089508
925,2576,2273,0.4510449469089508
926,2576,2342,0.4510449469089508
927,2576,3497,0.4510449469089508
928,2576,2969,0.4510449469089508
929,2576,2896,0.4510449469089508
930,2576,3501,0.4510449469089508
931,2576,2910,0.4510449469089508
932,2576,3499,0.4510449469089508
933,2576,1463,0.4510449469089508
934,2576,2149,0.4510449469089508
935,2576,2144,0.4510449469089508
936,2576,1439,0.4510449469089508
937,2576,1435,0.4510449469089508
938,2576,1843,0.4510449469089508
939,2576,1470,0.4510449469089508
940,2576,1523,0.4510449469089508
941,2576,1475,0.4510449469089508
942,2576,171,0.4510449469089508
943,2576,3479,0.4510449469089508
944,2576,1524,0.4510449469089508
945,2576,3566,0.4510449469089508
946,2576,1485,0.4510449469089508
947,2576,1486,0.4510449469089508
948,2576,1744,0.4510449469089508
949,2576,1966,0.4510449469089508
950,2576,2060,0.4510449469089508
951,2576,1491,0.4510449469089508
952,2576,2070,0.4510449469089508
953,2576,1535,0.4510449469089508
954,2576,322,0.4510449469089508
955,2576,1946,0.4510449469089508
956,2576,2153,0.4510449469089508
957,2576,703,0.4510449469089508
958,2576,769,0.4510449469089508
959,2576,787,0.4510449469089508
960,2576,822,0.4510449469089508
961,2576,744,0.4510449469089508
962,2576,747,0.4510449469089508
963,2576,269,0.45103582739830017
964,2576,83,0.4509722888469696
965,2576,2078,0.45087406039237976
966,2576,1443,0.450834721326828
967,2576,948,0.4507425129413605
968,2576,2277,0.45062047243118286
969,2576,2646,0.4506078064441681
970,2576,2385,0.45050883293151855
971,2576,445,0.4502153992652893
972,2576,912,0.4502094089984894
973,2576,2732,0.45018428564071655
974,2576,1748,0.4500531256198883
975,2576,1360,0.45002201199531555
976,2576,3446,0.44998544454574585
977,2576,92,0.449889212846756
978,2576,495,0.44988736510276794
979,2576,2448,0.449871689081192
980,2576,907,0.44974255561828613
981,2576,215,0.44971609115600586
982,2576,200,0.44958996772766113
983,2576,2336,0.4495874345302582
984,2576,327,0.4494461417198181
985,2576,402,0.44928207993507385
986,2576,2967,0.4492656886577606
987,2576,335,0.449203759431839
988,2576,3109,0.44906991720199585
989,2576,3036,0.44894683361053467
990,2576,2143,0.4489358067512512
991,2576,3466,0.44882360100746155
992,2576,1419,0.44861409068107605
993,2576,125,0.44859614968299866
994,2576,3191,0.4484698176383972
995,2576,1290,0.4484528601169586
996,2576,3606,0.44843462109565735
997,2576,2224,0.44831520318984985
998,2576,1064,0.44830894470214844
999,2576,583,0.448236882686615
1000,2576,2088,0.4482295513153076
1001,2576,681,0.44821876287460327
1002,2576,2909,0.4482141137123108
1003,2576,1393,0.44818413257598877
1004,2576,2437,0.4481157660484314
1005,2576,3558,0.44810250401496887
1006,2576,1652,0.4480573236942291
1007,2576,2955,0.44789084792137146
1008,2576,542,0.44774025678634644
1009,2576,169,0.4476860761642456
1010,2576,179,0.44749927520751953
1011,2576,1118,0.4474945664405823
1012,2576,2873,0.44748905301094055
1013,2576,56,0.4472978711128235
1014,2576,2300,0.44714653491973877
1015,2576,3490,0.44713252782821655
1016,2576,421,0.44712743163108826
1017,2576,2611,0.4471200108528137
1018,2576,3022,0.44693610072135925
1019,2576,2768,0.4467769265174866
1020,2576,1768,0.4467734098434448
1021,2576,2136,0.4467405676841736
1022,2576,346,0.44668474793434143
1023,2576,1796,0.4466608464717865
1024,2576,1554,0.4466322958469391
1025,2576,109,0.44651514291763306
1026,2576,3621,0.4464148283004761
1027,2576,1099,0.44623494148254395
1028,2576,1271,0.44622835516929626
1029,2576,3307,0.4461446702480316
1030,2576,1056,0.44610396027565
1031,2576,801,0.44604218006134033
1032,2576,1520,0.4460165798664093
1033,2576,2421,0.4460109770298004
1034,2576,2257,0.4459490180015564
1035,2576,1305,0.4459055960178375
1036,2576,2988,0.44587770104408264
1037,2576,2425,0.44585320353507996
1038,2576,1679,0.4457946717739105
1039,2576,3646,0.44579216837882996
1040,2576,1856,0.4457085132598877
1041,2576,1414,0.44570621848106384
1042,2576,1610,0.4456500709056854
1043,2576,3048,0.44563814997673035
1044,2576,466,0.4456191658973694
1045,2576,1353,0.44555845856666565
1046,2576,783,0.44555437564849854
1047,2576,508,0.4455431401729584
1048,2576,3112,0.44540610909461975
1049,2576,451,0.4454014003276825
1050,2576,1598,0.4453468322753906
1051,2576,726,0.4453098475933075
1052,2576,1503,0.4452720582485199
1053,2576,1980,0.4451318383216858
1054,2576,2338,0.44505515694618225
1055,2576,2418,0.44493451714515686
1056,2576,562,0.4448316693305969
1057,2576,1602,0.4446960985660553
1058,2576,1324,0.4445948600769043
1059,2576,2386,0.4445371925830841
1060,2576,2443,0.4444403648376465
1061,2576,37,0.44440093636512756
1062,2576,1388,0.44438695907592773
1063,2576,3173,0.4443367123603821
1064,2576,2700,0.4441988170146942
1065,2576,80,0.4441395401954651
1066,2576,3633,0.4440610706806183
1067,2576,3035,0.44400739669799805
1068,2576,389,0.4439867436885834
1069,2576,2845,0.44396936893463135
1070,2576,1488,0.4438418745994568
1071,2576,2734,0.4438001811504364
1072,2576,2371,0.4437815248966217
1073,2576,356,0.44374412298202515
1074,2576,1460,0.4437383711338043
1075,2576,1603,0.44365596771240234
1076,2576,2798,0.44348329305648804
1077,2576,430,0.4434773325920105
1078,2576,1769,0.44347071647644043
1079,2576,173,0.4434656798839569
1080,2576,2445,0.44343575835227966
1081,2576,2172,0.4434104263782501
1082,2576,3488,0.44337406754493713
1083,2576,2044,0.44336211681365967
1084,2576,1063,0.443277508020401
1085,2576,2352,0.443223237991333
1086,2576,2051,0.4430360496044159
1087,2576,3518,0.4429513216018677
1088,2576,148,0.4429308772087097
1089,2576,2595,0.4429191052913666
1090,2576,2604,0.44289252161979675
1091,2576,1889,0.4428703486919403
1092,2576,1158,0.44283372163772583
1093,2576,1841,0.4428132176399231
1094,2576,194,0.442742258310318
1095,2576,2689,0.4427187144756317
1096,2576,1849,0.44264790415763855
1097,2576,1672,0.4425925016403198
1098,2576,1717,0.4424704909324646
1099,2576,833,0.4424036741256714
1100,2576,2423,0.4423017203807831
1101,2576,1802,0.4422246515750885
1102,2576,1300,0.4420614242553711
1103,2576,2005,0.4420613944530487
1104,2576,1319,0.4419754147529602
1105,2576,2990,0.44188955426216125
1106,2576,355,0.4417244791984558
1107,2576,639,0.44168519973754883
1108,2576,2691,0.4415450692176819
1109,2576,2913,0.44152677059173584
1110,2576,428,0.44150495529174805
1111,2576,1466,0.44150468707084656
1112,2576,1509,0.4415018856525421
1113,2576,2061,0.44135355949401855
1114,2576,2012,0.4413394033908844
1115,2576,153,0.44131025671958923
1116,2576,2642,0.44130778312683105
1117,2576,2280,0.4412216544151306
1118,2576,2948,0.44120150804519653
1119,2576,3283,0.44120097160339355
1120,2576,1333,0.44114384055137634
1121,2576,2038,0.4411182701587677
1122,2576,691,0.4411044120788574
1123,2576,1923,0.44105663895606995
1124,2576,1423,0.4409898519515991
1125,2576,1956,0.440920352935791
1126,2576,3478,0.4409061372280121
1127,2576,664,0.44089844822883606
1128,2576,1743,0.4408408999443054
1129,2576,2031,0.44080686569213867
1130,2576,3244,0.4407230019569397
1131,2576,1065,0.44072067737579346
1132,2576,1793,0.4406452775001526
1133,2576,3001,0.4405905306339264
1134,2576,2004,0.44059038162231445
1135,2576,3277,0.44054633378982544
1136,2576,2546,0.440534383058548
1137,2576,2807,0.4404832422733307
1138,2576,2682,0.4404587745666504
1139,2576,2405,0.440388947725296
1140,2576,3655,0.4403018057346344
1141,2576,3627,0.44022136926651
1142,2576,507,0.44021666049957275
1143,2576,52,0.440083771944046
1144,2576,2846,0.4400322139263153
1145,2576,1255,0.4400142431259155
1146,2576,467,0.4399740397930145
1147,2576,2791,0.43994414806365967
1148,2576,3272,0.4399212598800659
1149,2576,1131,0.43987900018692017
1150,2576,2047,0.43967145681381226
1151,2576,2773,0.4396633803844452
1152,2576,337,0.43966010212898254
1153,2576,2566,0.4396461546421051
1154,2576,2254,0.4393661618232727
1155,2576,1258,0.43932241201400757
1156,2576,1157,0.43928804993629456
1157,2576,1134,0.43927034735679626
1158,2576,2375,0.4391508102416992
1159,2576,1671,0.43908119201660156
1160,2576,756,0.43906471133232117
1161,2576,1469,0.43904364109039307
1162,2576,2598,0.439028799533844
1163,2576,315,0.43899717926979065
1164,2576,362,0.4389936923980713
1165,2576,567,0.4387996196746826
1166,2576,3496,0.43872225284576416
1167,2576,1819,0.4386865794658661
1168,2576,499,0.43863004446029663
1169,2576,1907,0.43858665227890015
1170,2576,3404,0.4385852813720703
1171,2576,803,0.43849605321884155
1172,2576,606,0.4384429156780243
1173,2576,1408,0.4384046792984009
1174,2576,641,0.4383797347545624
1175,2576,879,0.43832722306251526
1176,2576,2594,0.4383135735988617
1177,2576,3654,0.4382879436016083
1178,2576,2412,0.43827012181282043
1179,2576,2166,0.4382689893245697
1180,2576,1549,0.43819352984428406
1181,2576,2390,0.4381774961948395
1182,2576,1928,0.4381718635559082
1183,2576,566,0.4381369650363922
1184,2576,2389,0.4380837082862854
1185,2576,2688,0.43803542852401733
1186,2576,104,0.4379004240036011
1187,2576,471,0.4378991723060608
1188,2576,1860,0.437890887260437
1189,2576,2456,0.43778327107429504
1190,2576,1223,0.43768981099128723
1191,2576,1302,0.43739068508148193
1192,2576,1970,0.4373137652873993
1193,2576,2882,0.4373103976249695
1194,2576,1934,0.4373069405555725
1195,2576,2617,0.4372346103191376
1196,2576,2596,0.4372260570526123
1197,2576,1979,0.4372085630893707
1198,2576,2124,0.437193900346756
1199,2576,1736,0.43694430589675903
1200,2576,1336,0.4369266629219055
1201,2576,2992,0.436885267496109
1202,2576,3100,0.4367882013320923
1203,2576,1417,0.4367292821407318
1204,2576,2937,0.43663960695266724
1205,2576,3122,0.4366028904914856
1206,2576,1709,0.43652716279029846
1207,2576,60,0.4364084005355835
1208,2576,2989,0.4363931119441986
1209,2576,2159,0.43630239367485046
1210,2576,46,0.43621325492858887
1211,2576,2427,0.4361934959888458
1212,2576,1947,0.43616077303886414
1213,2576,2767,0.4360867738723755
1214,2576,2697,0.4359402656555176
1215,2576,2959,0.43592533469200134
1216,2576,32,0.43590447306632996
1217,2576,3618,0.43586021661758423
1218,2576,2048,0.43581780791282654
1219,2576,690,0.4358098804950714
1220,2576,2184,0.4357587397098541
1221,2576,2449,0.4357552230358124
1222,2576,1656,0.43571949005126953
1223,2576,3267,0.43569764494895935
1224,2576,2665,0.4356043040752411
1225,2576,2869,0.4355785548686981
1226,2576,42,0.4354608952999115
1227,2576,1798,0.4353896677494049
1228,2576,2362,0.43537166714668274
1229,2576,3128,0.43536168336868286
1230,2576,31,0.43534886837005615
1231,2576,2865,0.43523192405700684
1232,2576,47,0.4352153539657593
1233,2576,2997,0.43502873182296753
1234,2576,2,0.4350033104419708
1235,2576,206,0.43496161699295044
1236,2576,2377,0.4348604083061218
1237,2576,585,0.4348563551902771
1238,2576,650,0.4347163438796997
1239,2576,62,0.4346473217010498
1240,2576,2429,0.4346386194229126
1241,2576,760,0.4344787299633026
1242,2576,2208,0.43442246317863464
1243,2576,1472,0.4344063997268677
1244,2576,2170,0.43410471081733704
1245,2576,2568,0.4340861141681671
1246,2576,285,0.4340744614601135
1247,2576,432,0.43399474024772644
1248,2576,2781,0.433883398771286
1249,2576,3296,0.433765709400177
1250,2576,2531,0.43374326825141907
1251,2576,2030,0.43362921476364136
1252,2576,646,0.43355998396873474
1253,2576,2974,0.4335457980632782
1254,2576,1727,0.43352240324020386
1255,2576,2904,0.43340373039245605
1256,2576,670,0.4333758056163788
1257,2576,2593,0.4333399534225464
1258,2576,2814,0.43328216671943665
1259,2576,3105,0.4332277476787567
1260,2576,1108,0.4331938326358795
1261,2576,1227,0.4331524670124054
1262,2576,2528,0.4331352412700653
1263,2576,2219,0.43306267261505127
1264,2576,3008,0.4329504668712616
1265,2576,1053,0.43294742703437805
1266,2576,2193,0.43287089467048645
1267,2576,1247,0.43278247117996216
1268,2576,779,0.4327414333820343
1269,2576,610,0.432627409696579
1270,2576,268,0.43249526619911194
1271,2576,2911,0.43245595693588257
1272,2576,275,0.4324255585670471
1273,2576,468,0.4324190318584442
1274,2576,591,0.43241479992866516
1275,2576,2921,0.4324015974998474
1276,2576,427,0.4323583245277405
1277,2576,1484,0.43231505155563354
1278,2576,2354,0.43231260776519775
1279,2576,1224,0.4322790503501892
1280,2576,1865,0.4322638213634491
1281,2576,3387,0.43225738406181335
1282,2576,2883,0.43225711584091187
1283,2576,3071,0.43224063515663147
1284,2576,3380,0.43205368518829346
1285,2576,3295,0.4319474995136261
1286,2576,2218,0.4318750202655792
1287,2576,531,0.43183109164237976
1288,2576,281,0.4317924380302429
1289,2576,155,0.43174949288368225
1290,2576,1289,0.43171799182891846
1291,2576,720,0.43157827854156494
1292,2576,1239,0.43157070875167847
1293,2576,3175,0.4312061071395874
1294,2576,397,0.43113017082214355
1295,2576,652,0.431052029132843
1296,2576,138,0.431052029132843
1297,2576,3586,0.4310190677642822
1298,2576,3505,0.4309372305870056
1299,2576,2778,0.43088456988334656
1300,2576,3003,0.43084561824798584
1301,2576,1909,0.4308394491672516
1302,2576,1933,0.43083319067955017
1303,2576,623,0.43082863092422485
1304,2576,1645,0.4307161271572113
1305,2576,1342,0.4306836724281311
1306,2576,99,0.4306209683418274
1307,2576,2446,0.43059080839157104
1308,2576,480,0.43055179715156555
1309,2576,2898,0.43054690957069397
1310,2576,2786,0.4304185211658478
1311,2576,1566,0.43033847212791443
1312,2576,140,0.43026354908943176
1313,2576,3363,0.43024110794067383
1314,2576,1490,0.4302191734313965
1315,2576,829,0.43017497658729553
1316,2576,3638,0.43008533120155334
1317,2576,2287,0.4300110638141632
1318,2576,39,0.42986947298049927
1319,2576,2825,0.42966535687446594
1320,2576,401,0.4296238422393799
1321,2576,357,0.42961806058883667
1322,2576,1718,0.4295455515384674
1323,2576,1398,0.42949727177619934
1324,2576,1789,0.429478257894516
1325,2576,3060,0.42944496870040894
1326,2576,1685,0.429261177778244
1327,2576,2864,0.4292299747467041
1328,2576,1806,0.4291703999042511
1329,2576,151,0.4291462302207947
1330,2576,2466,0.42909637093544006
1331,2576,2297,0.4290890395641327
1332,2576,1198,0.42903855443000793
1333,2576,1683,0.4288868010044098
1334,2576,1844,0.42886731028556824
1335,2576,1508,0.4288494884967804
1336,2576,2036,0.4287392795085907
1337,2576,1697,0.42858022451400757
1338,2576,607,0.42853236198425293
1339,2576,1515,0.428512841463089
1340,2576,21,0.42850369215011597
1341,2576,1681,0.428404837846756
1342,2576,1977,0.42835354804992676
1343,2576,59,0.4283110201358795
1344,2576,1661,0.4281938374042511
1345,2576,2179,0.42818161845207214
1346,2576,3331,0.42808324098587036
1347,2576,3110,0.4280056357383728
1348,2576,1390,0.4279789626598358
1349,2576,1730,0.42793402075767517
1350,2576,236,0.42771366238594055
1351,2576,2272,0.42767342925071716
1352,2576,3412,0.4276358187198639
1353,2576,1556,0.427629292011261
1354,2576,3208,0.42753759026527405
1355,2576,1760,0.42745155096054077
1356,2576,660,0.42743340134620667
1357,2576,366,0.4273122549057007
1358,2576,630,0.4271656572818756
1359,2576,1125,0.4271165728569031
1360,2576,462,0.42703190445899963
1361,2576,282,0.42699453234672546
1362,2576,1437,0.4268503487110138
1363,2576,3527,0.426827609539032
1364,2576,1232,0.4267744719982147
1365,2576,3197,0.42675378918647766
1366,2576,3282,0.4267383813858032
1367,2576,1787,0.42671558260917664
1368,2576,3592,0.42667174339294434
1369,2576,1968,0.4266148507595062
1370,2576,19,0.4263297915458679
1371,2576,941,0.4263268709182739
1372,2576,2797,0.4262314736843109
1373,2576,120,0.4262278974056244
1374,2576,3593,0.42620551586151123
1375,2576,2308,0.4261999726295471
1376,2576,739,0.42604464292526245
1377,2576,212,0.42601385712623596
1378,2576,371,0.4259701371192932
1379,2576,1326,0.4259462058544159
1380,2576,2880,0.425917387008667
1381,2576,3345,0.42586973309516907
1382,2576,2827,0.42582598328590393
1383,2576,2855,0.42582276463508606
1384,2576,1941,0.4257992208003998
1385,2576,11,0.4257446527481079
1386,2576,3489,0.42571356892585754
1387,2576,3306,0.4256053566932678
1388,2576,804,0.42559051513671875
1389,2576,2589,0.42554670572280884
1390,2576,2760,0.4255111515522003
1391,2576,1356,0.4255100190639496
1392,2576,2396,0.4254736304283142
1393,2576,224,0.4254623055458069
1394,2576,2173,0.4254046678543091
1395,2576,303,0.4252749979496002
1396,2576,689,0.4252692759037018
1397,2576,3596,0.42525187134742737
1398,2576,394,0.4252174496650696
1399,2576,2854,0.42507004737854004
1400,2576,198,0.42491164803504944
1401,2576,1920,0.4247039258480072
1402,2576,374,0.42464426159858704
1403,2576,1029,0.4246414601802826
1404,2576,2351,0.4246154725551605
1405,2576,54,0.42459750175476074
1406,2576,2839,0.42455413937568665
1407,2576,2932,0.42450612783432007
1408,2576,3462,0.42446693778038025
1409,2576,1957,0.42444509267807007
1410,2576,1385,0.42442217469215393
1411,2576,3183,0.4244075417518616
1412,2576,100,0.42430418729782104
1413,2576,40,0.4242430031299591
1414,2576,2102,0.42419707775115967
1415,2576,114,0.42418372631073
1416,2576,1468,0.4241202771663666
1417,2576,2578,0.4241068363189697
1418,2576,2830,0.4240438640117645
1419,2576,3009,0.4239623546600342
1420,2576,1621,0.4239002764225006
1421,2576,1492,0.42383667826652527
1422,2576,1216,0.4237121045589447
1423,2576,3648,0.4235994219779968
1424,2576,1494,0.42355769872665405
1425,2576,2261,0.4235377907752991
1426,2576,2315,0.4235319197177887
1427,2576,629,0.42350393533706665
1428,2576,14,0.4234687089920044
1429,2576,265,0.42310822010040283
1430,2576,320,0.42305856943130493
1431,2576,2018,0.42305055260658264
1432,2576,2779,0.4230414927005768
1433,2576,2309,0.42301464080810547
1434,2576,1733,0.42295360565185547
1435,2576,2660,0.422933965921402
1436,2576,2284,0.4229298532009125
1437,2576,1893,0.4229285418987274
1438,2576,3453,0.42289015650749207
1439,2576,2656,0.422833651304245
1440,2576,1848,0.42281222343444824
1441,2576,158,0.4228058159351349
1442,2576,259,0.42265474796295166
1443,2576,1892,0.4226466715335846
1444,2576,3070,0.4226110279560089
1445,2576,479,0.42256271839141846
1446,2576,2085,0.42252829670906067
1447,2576,2901,0.4225229024887085
1448,2576,615,0.4224716126918793
1449,2576,2982,0.4224444329738617
1450,2576,2092,0.42243367433547974
1451,2576,2345,0.4222744405269623
1452,2576,3220,0.42217808961868286
1453,2576,384,0.4220549166202545
1454,2576,1659,0.42190900444984436
1455,2576,319,0.4218774139881134
1456,2576,1897,0.4218027591705322
1457,2576,715,0.42173537611961365
1458,2576,441,0.42170432209968567
1459,2576,568,0.42170172929763794
1460,2576,1731,0.42158907651901245
1461,2576,1116,0.42157378792762756
1462,2576,395,0.4213699996471405
1463,2576,229,0.421367347240448
1464,2576,2462,0.42136693000793457
1465,2576,3097,0.42134547233581543
1466,2576,128,0.42134401202201843
1467,2576,821,0.4212898015975952
1468,2576,226,0.4212876260280609
1469,2576,2438,0.4212740957736969
1470,2576,10,0.42106080055236816
1471,2576,3340,0.42090749740600586
1472,2576,2453,0.4208969175815582
1473,2576,1458,0.4208897054195404
1474,2576,2348,0.42085686326026917
1475,2576,2900,0.4208555817604065
1476,2576,3590,0.4207054078578949
1477,2576,2831,0.4206925332546234
1478,2576,1067,0.4206845760345459
1479,2576,1665,0.4206303060054779
1480,2576,3181,0.4206208288669586
1481,2576,2350,0.42058202624320984
1482,2576,3565,0.4204918146133423
1483,2576,13,0.42048773169517517
1484,2576,3152,0.42048606276512146
1485,2576,1438,0.42045068740844727
1486,2576,2355,0.4204065799713135
1487,2576,877,0.42037397623062134
1488,2576,1405,0.42033904790878296
1489,2576,244,0.4201761484146118
1490,2576,2516,0.4201601445674896
1491,2576,1758,0.42011409997940063
1492,2576,1422,0.4201032817363739
1493,2576,473,0.42007485032081604
1494,2576,2032,0.42004233598709106
1495,2576,791,0.42001211643218994
1496,2576,946,0.41968172788619995
1497,2576,2914,0.4196188449859619
1498,2576,628,0.4196007549762726
1499,2576,348,0.419508159160614
1500,2576,2441,0.4193466603755951
1501,2576,350,0.4193305969238281
1502,2576,3286,0.4193245470523834
1503,2576,748,0.41926246881484985
1504,2576,1392,0.4192434847354889
1505,2576,2298,0.4192020297050476
1506,2576,3058,0.4191911220550537
1507,2576,3482,0.4191593825817108
1508,2576,828,0.41911640763282776
1509,2576,3127,0.41909074783325195
1510,2576,3315,0.41908708214759827
1511,2576,2155,0.41903865337371826
1512,2576,3630,0.4190082252025604
1513,2576,914,0.41897547245025635
1514,2576,1033,0.41897353529930115
1515,2576,2687,0.4189433455467224
1516,2576,1461,0.41888508200645447
1517,2576,222,0.4188324511051178
1518,2576,3289,0.4188299775123596
1519,2576,1755,0.4187752604484558
1520,2576,2024,0.41867440938949585
1521,2576,844,0.4186455309391022
1522,2576,2302,0.4185411036014557
1523,2576,2372,0.41848263144493103
1524,2576,3255,0.41847583651542664
1525,2576,95,0.41846343874931335
1526,2576,3649,0.418442964553833
1527,2576,122,0.4184040427207947
1528,2576,3298,0.4183681309223175
1529,2576,3227,0.4181900918483734
1530,2576,1057,0.4181758165359497
1531,2576,2922,0.4181690812110901
1532,2576,1829,0.4181106686592102
1533,2576,1420,0.41808947920799255
1534,2576,2381,0.41805699467658997
1535,2576,1546,0.4180317223072052
1536,2576,3219,0.41785141825675964
1537,2576,3222,0.4178181290626526
1538,2576,3568,0.4177926480770111
1539,2576,1366,0.41775402426719666
1540,2576,875,0.41773471236228943
1541,2576,3604,0.41773226857185364
1542,2576,2207,0.41769731044769287
1543,2576,2410,0.4176787734031677
1544,2576,434,0.41764184832572937
1545,2576,1412,0.4176245629787445
1546,2576,2326,0.4175482392311096
1547,2576,106,0.41752469539642334
1548,2576,1749,0.4175163805484772
1549,2576,3597,0.41743066906929016
1550,2576,2581,0.41741594672203064
1551,2576,796,0.41737428307533264
1552,2576,347,0.41732650995254517
1553,2576,2434,0.4171890914440155
1554,2576,3615,0.4171541929244995
1555,2576,643,0.41712334752082825
1556,2576,2750,0.41703659296035767
1557,2576,3419,0.41698428988456726
1558,2576,621,0.41695883870124817
1559,2576,2041,0.4169462323188782
1560,2576,1163,0.41692301630973816
1561,2576,3530,0.4168168604373932
1562,2576,935,0.4167974889278412
1563,2576,1597,0.4167764484882355
1564,2576,3451,0.416718453168869
1565,2576,3124,0.41666823625564575
1566,2576,1501,0.41665300726890564
1567,2576,872,0.41664937138557434
1568,2576,736,0.4166216254234314
1569,2576,1,0.4166102111339569
1570,2576,784,0.4164883494377136
1571,2576,12,0.41642966866493225
1572,2576,3280,0.4164094924926758
1573,2576,2292,0.4162672758102417
1574,2576,1629,0.416147381067276
1575,2576,1410,0.41608503460884094
1576,2576,1076,0.41600778698921204
1577,2576,413,0.41598233580589294
1578,2576,1551,0.4159790873527527
1579,2576,3101,0.4159717261791229
1580,2576,2963,0.41594648361206055
1581,2576,1206,0.4159436821937561
1582,2576,3258,0.4159219264984131
1583,2576,415,0.41589975357055664
1584,2576,3344,0.41580820083618164
1585,2576,3182,0.41573989391326904
1586,2576,3609,0.4157349467277527
1587,2576,1582,0.41559502482414246
1588,2576,3619,0.41553887724876404
1589,2576,157,0.41551288962364197
1590,2576,2834,0.4155046045780182
1591,2576,264,0.41546154022216797
1592,2576,665,0.4154542088508606
1593,2576,1737,0.41537952423095703
1594,2576,1072,0.41537466645240784
1595,2576,1220,0.4152703285217285
1596,2576,3308,0.41526636481285095
1597,2576,3511,0.41523444652557373
1598,2576,2962,0.4151862561702728
1599,2576,1327,0.41517844796180725
1600,2576,1281,0.41517671942710876
1601,2576,101,0.41509178280830383
1602,2576,2966,0.4150049388408661
1603,2576,2859,0.41500169038772583
1604,2576,1231,0.41492611169815063
1605,2576,3584,0.4149223864078522
1606,2576,541,0.4148651659488678
1607,2576,3467,0.41481325030326843
1608,2576,2013,0.41476717591285706
1609,2576,3381,0.41471177339553833
1610,2576,3650,0.41470867395401
1611,2576,3349,0.4146207571029663
1612,2576,1499,0.4145064353942871
1613,2576,561,0.41449522972106934
1614,2576,433,0.41445237398147583
1615,2576,2211,0.4144398868083954
1616,2576,2881,0.414427787065506
1617,2576,1828,0.4144214391708374
1618,2576,3645,0.41440513730049133
1619,2576,1587,0.4143514931201935
1620,2576,855,0.41426247358322144
1621,2576,1424,0.41417017579078674
1622,2576,425,0.41414645314216614
1623,2576,2704,0.4141348898410797
1624,2576,3636,0.4141210913658142
1625,2576,1876,0.4140928387641907
1626,2576,674,0.41400498151779175
1627,2576,470,0.41397780179977417
1628,2576,1309,0.4139731526374817
1629,2576,2467,0.41396698355674744
1630,2576,3639,0.41388097405433655
1631,2576,2340,0.41383296251296997
1632,2576,443,0.413796067237854
1633,2576,3599,0.4137725234031677
1634,2576,132,0.4137561619281769
1635,2576,880,0.41375595331192017
1636,2576,1805,0.413662850856781
1637,2576,631,0.4136561155319214
1638,2576,469,0.41361361742019653
1639,2576,2728,0.41350051760673523
1640,2576,1278,0.4134947955608368
1641,2576,682,0.41344502568244934
1642,2576,1219,0.41339820623397827
1643,2576,3652,0.413380891084671
1644,2576,418,0.41337940096855164
1645,2576,1030,0.41328343749046326
1646,2576,3185,0.4132685661315918
1647,2576,1037,0.413229763507843
1648,2576,1358,0.4132182002067566
1649,2576,2541,0.4131104052066803
1650,2576,107,0.4129721522331238
1651,2576,3494,0.41294464468955994
1652,2576,3188,0.4129408597946167
1653,2576,1914,0.4129343330860138
1654,2576,2586,0.41282203793525696
1655,2576,261,0.41277605295181274
1656,2576,1651,0.4127335250377655
1657,2576,2751,0.41272157430648804
1658,2576,705,0.41263750195503235
1659,2576,1794,0.41263341903686523
1660,2576,2719,0.41261380910873413
1661,2576,1818,0.41257545351982117
1662,2576,529,0.4125269055366516
1663,2576,2176,0.41251951456069946
1664,2576,1107,0.41246697306632996
1665,2576,827,0.4123801290988922
1666,2576,119,0.4122340679168701
1667,2576,1489,0.4122239649295807
1668,2576,3541,0.41214799880981445
1669,2576,2126,0.41212156414985657
1670,2576,2152,0.41208386421203613
1671,2576,2553,0.41191938519477844
1672,2576,1396,0.41188687086105347
1673,2576,144,0.41186997294425964
1674,2576,1430,0.4118427634239197
1675,2576,1698,0.4117879867553711
1676,2576,159,0.4117821156978607
1677,2576,1404,0.4117814004421234
1678,2576,1974,0.41170215606689453
1679,2576,1055,0.4116770923137665
1680,2576,2040,0.4116656482219696
1681,2576,312,0.41163137555122375
1682,2576,2039,0.411617249250412
1683,2576,3388,0.41159293055534363
1684,2576,2941,0.4115847051143646
1685,2576,3492,0.4115402400493622
1686,2576,2319,0.41152483224868774
1687,2576,3069,0.41140007972717285
1688,2576,2802,0.41137173771858215
1689,2576,2650,0.4113670587539673
1690,2576,2730,0.41135507822036743
1691,2576,2034,0.41126418113708496
1692,2576,1874,0.41124117374420166
1693,2576,2002,0.4112057685852051
1694,2576,551,0.41119641065597534
1695,2576,1562,0.41118329763412476
1696,2576,2482,0.41115400195121765
1697,2576,1539,0.41113153100013733
1698,2576,2294,0.4109823703765869
1699,2576,3536,0.41095519065856934
1700,2576,1890,0.41093042492866516
1701,2576,196,0.4108615815639496
1702,2576,1706,0.41075700521469116
1703,2576,3057,0.41075125336647034
1704,2576,1688,0.4106367826461792
1705,2576,1871,0.41063469648361206
1706,2576,2296,0.4106043577194214
1707,2576,1808,0.4105779230594635
1708,2576,284,0.4105615019798279
1709,2576,2046,0.41055822372436523
1710,2576,1260,0.41052713990211487
1711,2576,2108,0.4105173647403717
1712,2576,1322,0.41045448184013367
1713,2576,2223,0.41033411026000977
1714,2576,2106,0.4102616608142853
1715,2576,2715,0.41018256545066833
1716,2576,1719,0.4101584851741791
1717,2576,1678,0.41010716557502747
1718,2576,858,0.4101005494594574
1719,2576,802,0.4101005494594574
1720,2576,412,0.41002267599105835
1721,2576,554,0.41000184416770935
1722,2576,271,0.4098951518535614
1723,2576,2954,0.40982723236083984
1724,2576,1497,0.4098145365715027
1725,2576,774,0.4097599983215332
1726,2576,1096,0.40971776843070984
1727,2576,188,0.409673810005188
1728,2576,860,0.4096667468547821
1729,2576,1102,0.4096316397190094
1730,2576,590,0.409498393535614
1731,2576,2514,0.4094109833240509
1732,2576,2627,0.4094109833240509
1733,2576,2011,0.4094107449054718
1734,2576,3129,0.4093795716762543
1735,2576,2998,0.409369558095932
1736,2576,702,0.40935173630714417
1737,2576,419,0.4093007743358612
1738,2576,661,0.4092664420604706
1739,2576,2507,0.4091677963733673
1740,2576,161,0.40916186571121216
1741,2576,602,0.40912750363349915
1742,2576,1421,0.4091145992279053
1743,2576,141,0.4091082513332367
1744,2576,1973,0.4090956151485443
1745,2576,360,0.4090740978717804
1746,2576,1886,0.40907248854637146
1747,2576,22,0.40906840562820435
1748,2576,2912,0.4090169370174408
1749,2576,3394,0.40878719091415405
1750,2576,2098,0.40875449776649475
1751,2576,638,0.40866538882255554
1752,2576,3066,0.4086460471153259
1753,2576,137,0.408632755279541
1754,2576,3617,0.40857380628585815
1755,2576,1251,0.40855953097343445
1756,2576,2657,0.40853965282440186
1757,2576,339,0.4084741473197937
1758,2576,1431,0.40844088792800903
1759,2576,1146,0.40837928652763367
1760,2576,3605,0.40828749537467957
1761,2576,457,0.4082798659801483
1762,2576,1988,0.40824082493782043
1763,2576,3319,0.40793687105178833
1764,2576,1079,0.4078165888786316
1765,2576,2623,0.40779900550842285
1766,2576,3236,0.40779563784599304
1767,2576,2826,0.4077056050300598
1768,2576,142,0.40766066312789917
1769,2576,2411,0.4076195955276489
1770,2576,2765,0.4075835943222046
1771,2576,1724,0.4075309932231903
1772,2576,792,0.40749964118003845
1773,2576,3326,0.4074535071849823
1774,2576,2978,0.4074004292488098
1775,2576,387,0.4073399603366852
1776,2576,1540,0.4073374271392822
1777,2576,3603,0.4073094129562378
1778,2576,1192,0.4072931706905365
1779,2576,1913,0.40728846192359924
1780,2576,1996,0.4072376787662506
1781,2576,1209,0.40720734000205994
1782,2576,2635,0.4071924388408661
1783,2576,3374,0.40717756748199463
1784,2576,3629,0.40706780552864075
1785,2576,2216,0.4070168733596802
1786,2576,1346,0.4069603681564331
1787,2576,2398,0.4069284200668335
1788,2576,2677,0.40692418813705444
1789,2576,1042,0.40691831707954407
1790,2576,3614,0.40687114000320435
1791,2576,1426,0.4068538248538971
1792,2576,3642,0.40685051679611206
1793,2576,2877,0.40684789419174194
1794,2576,1130,0.40684494376182556
1795,2576,3040,0.4067889153957367
1796,2576,2722,0.4067181646823883
1797,2576,112,0.4067128300666809
1798,2576,2145,0.40668216347694397
1799,2576,3151,0.4066714644432068
1800,2576,3285,0.40665456652641296
1801,2576,1450,0.4066438674926758
1802,2576,1380,0.4066403806209564
1803,2576,2400,0.4066331684589386
1804,2576,2394,0.40663304924964905
1805,2576,1375,0.40660160779953003
1806,2576,817,0.4065980017185211
1807,2576,2178,0.4065496325492859
1808,2576,456,0.40638431906700134
1809,2576,1323,0.4063829183578491
1810,2576,1372,0.40636691451072693
1811,2576,1465,0.40627193450927734
1812,2576,1169,0.40626731514930725
1813,2576,3084,0.4062512516975403
1814,2576,1627,0.40612882375717163
1815,2576,2335,0.40607357025146484
1816,2576,2647,0.40604791045188904
1817,2576,597,0.4060368537902832
1818,2576,3176,0.4060317277908325
1819,2576,2928,0.40587133169174194
1820,2576,1885,0.4058142602443695
1821,2576,3310,0.40574902296066284
1822,2576,2442,0.405727744102478
1823,2576,1623,0.4056929051876068
1824,2576,3481,0.40564122796058655
1825,2576,1792,0.40563347935676575
1826,2576,1310,0.4055933356285095
1827,2576,325,0.40558502078056335
1828,2576,1594,0.40550661087036133
1829,2576,1964,0.40548065304756165
1830,2576,3389,0.4053809642791748
1831,2576,497,0.4053298830986023
1832,2576,1648,0.40532422065734863
1833,2576,133,0.40529996156692505
1834,2576,426,0.4052789509296417
1835,2576,3454,0.4052322208881378
1836,2576,515,0.40506765246391296
1837,2576,2065,0.4049077332019806
1838,2576,1272,0.4048152267932892
1839,2576,2956,0.4047890603542328
1840,2576,1445,0.4047413170337677
1841,2576,2488,0.40463441610336304
1842,2576,2777,0.40446582436561584
1843,2576,3611,0.4044484496116638
1844,2576,1304,0.4044381380081177
1845,2576,270,0.4044231176376343
1846,2576,439,0.4043273627758026
1847,2576,757,0.4042021632194519
1848,2576,2829,0.404057115316391
1849,2576,354,0.4040128290653229
1850,2576,2180,0.40398773550987244
1851,2576,1139,0.403952419757843
1852,2576,1838,0.40394169092178345
1853,2576,416,0.40384921431541443
1854,2576,1043,0.4038323760032654
1855,2576,3016,0.40375828742980957
1856,2576,2027,0.4037240147590637
1857,2576,3245,0.4036296308040619
1858,2576,1365,0.40358027815818787
1859,2576,1325,0.4035704731941223
1860,2576,2933,0.4035452902317047
1861,2576,472,0.40352728962898254
1862,2576,3114,0.4035065472126007
1863,2576,1569,0.40335002541542053
1864,2576,2771,0.40327373147010803
1865,2576,1265,0.40320536494255066
1866,2576,510,0.4032040536403656
1867,2576,1548,0.4031834006309509
1868,2576,308,0.40318194031715393
1869,2576,1086,0.40317755937576294
1870,2576,2918,0.40310657024383545
1871,2576,2812,0.4030842185020447
1872,2576,3118,0.4029649496078491
1873,2576,1242,0.4029618799686432
1874,2576,1180,0.4029550552368164
1875,2576,116,0.4028271734714508
1876,2576,17,0.4027137756347656
1877,2576,444,0.4026453197002411
1878,2576,3288,0.402642160654068
1879,2576,504,0.40263912081718445
1880,2576,3259,0.402624249458313
1881,2576,3029,0.40258556604385376
1882,2576,3050,0.4025021493434906
1883,2576,614,0.40249040722846985
1884,2576,3324,0.402477890253067
1885,2576,409,0.4022626280784607
1886,2576,1307,0.4021959900856018
1887,2576,1177,0.4021822512149811
1888,2576,1687,0.40204188227653503
1889,2576,2157,0.40203726291656494
1890,2576,2789,0.40202805399894714
1891,2576,2213,0.4020218253135681
1892,2576,1958,0.4019920229911804
1893,2576,1245,0.401989221572876
1894,2576,18,0.40193578600883484
1895,2576,1133,0.40192604064941406
1896,2576,408,0.40191876888275146
1897,2576,3459,0.40187394618988037
1898,2576,1411,0.4018537402153015
1899,2576,3121,0.40172797441482544
1900,2576,2498,0.4017028510570526
1901,2576,1739,0.401654988527298
1902,2576,361,0.40160343050956726
1903,2576,139,0.4014820456504822
1904,2576,2485,0.4014008343219757
1905,2576,3594,0.4012219309806824
1906,2576,3,0.4012003242969513
1907,2576,1128,0.40107160806655884
1908,2576,177,0.4010690748691559
1909,2576,1836,0.4010026752948761
1910,2576,3107,0.4009957015514374
1911,2576,1143,0.40095728635787964
1912,2576,3461,0.4009121060371399
1913,2576,2289,0.4007702171802521
1914,2576,1660,0.4006457030773163
1915,2576,3647,0.40063923597335815
1916,2576,87,0.4006064534187317
1917,2576,1583,0.4005720913410187
1918,2576,1690,0.400421142578125
1919,2576,1585,0.40040838718414307
1920,2576,2020,0.4003378748893738
1921,2576,2158,0.4002911150455475
1922,2576,2981,0.4002835750579834
1923,2576,3119,0.40025967359542847
1924,2576,1189,0.4002290964126587
1925,2576,523,0.4001830518245697
1926,2576,185,0.400164932012558
1927,2576,1584,0.4001477062702179
1928,2576,1609,0.40010684728622437
1929,2576,2215,0.4001012146472931
1930,2576,2995,0.3999590277671814
1931,2576,1428,0.39993494749069214
1932,2576,2895,0.3998440206050873
1933,2576,3117,0.39974528551101685
1934,2576,1900,0.3997420072555542
1935,2576,3017,0.3997374475002289
1936,2576,2201,0.39970505237579346
1937,2576,2278,0.39957237243652344
1938,2576,2150,0.39952993392944336
1939,2576,1387,0.3995247781276703
1940,2576,2033,0.39952442049980164
1941,2576,111,0.39951494336128235
1942,2576,2214,0.39944079518318176
1943,2576,1257,0.3994389474391937
1944,2576,411,0.3994116485118866
1945,2576,1525,0.3994010388851166
1946,2576,3573,0.39934998750686646
1947,2576,1785,0.3993372619152069
1948,2576,1883,0.3993089199066162
1949,2576,2899,0.3992924094200134
1950,2576,678,0.39929118752479553
1951,2576,410,0.3992639482021332
1952,2576,3030,0.3992096483707428
1953,2576,1467,0.39920616149902344
1954,2576,1241,0.39918315410614014
1955,2576,625,0.3991782069206238
1956,2576,436,0.3991234302520752
1957,2576,3234,0.399115651845932
1958,2576,486,0.39910030364990234
1959,2576,1129,0.39909571409225464
1960,2576,51,0.39906179904937744
1961,2576,23,0.3990248143672943
1962,2576,3644,0.3990079462528229
1963,2576,2580,0.3989482522010803
1964,2576,2686,0.39890411496162415
1965,2576,145,0.3988948166370392
1966,2576,1335,0.39887163043022156
1967,2576,2344,0.3988674581050873
1968,2576,3078,0.3988072872161865
1969,2576,1715,0.39872586727142334
1970,2576,338,0.3986186683177948
1971,2576,2016,0.39859703183174133
1972,2576,3169,0.3985534906387329
1973,2576,2852,0.3985068202018738
1974,2576,1230,0.3985031545162201
1975,2576,2799,0.39849838614463806
1976,2576,2080,0.3984967768192291
1977,2576,330,0.3984951674938202
1978,2576,2492,0.3984224200248718
1979,2576,2875,0.3982173800468445
1980,2576,2889,0.39820370078086853
1981,2576,2983,0.3981991708278656
1982,2576,230,0.39816755056381226
1983,2576,1144,0.3981575071811676
1984,2576,917,0.3980520963668823
1985,2576,1746,0.3980270028114319
1986,2576,2811,0.39800840616226196
1987,2576,1517,0.3979894518852234
1988,2576,1299,0.39789626002311707
1989,2576,2419,0.3978019654750824
1990,2576,1187,0.39778125286102295
1991,2576,2587,0.39774084091186523
1992,2576,2091,0.39773544669151306
1993,2576,429,0.3977259695529938
1994,2576,1519,0.39765042066574097
1995,2576,2616,0.39764463901519775
1996,2576,1433,0.39757537841796875
1997,2576,2096,0.397521436214447
1998,2576,1418,0.3974948823451996
1999,2576,3398,0.397281676530838
2000,2576,28,0.3972755968570709
2001,2576,2435,0.39723846316337585
2002,2576,634,0.39718660712242126
2003,2576,3287,0.3971732556819916
2004,2576,2848,0.39714619517326355
2005,2576,221,0.39709988236427307
2006,2576,2821,0.39708536863327026
2007,2576,455,0.39706307649612427
2008,2576,2980,0.397051066160202
2009,2576,680,0.3970450162887573
2010,2576,3273,0.3970338702201843
2011,2576,846,0.39702892303466797
2012,2576,94,0.3968565762042999
2013,2576,2837,0.3968384563922882
2014,2576,2702,0.3968333303928375
2015,2576,2334,0.3968157172203064
2016,2576,58,0.39674341678619385
2017,2576,2535,0.39672523736953735
2018,2576,1476,0.3967178761959076
2019,2576,3090,0.3966695964336395
2020,2576,2957,0.39666736125946045
2021,2576,79,0.3966192603111267
2022,2576,3068,0.39655762910842896
2023,2576,3583,0.3964766263961792
2024,2576,713,0.3964637219905853
2025,2576,3216,0.3964441120624542
2026,2576,1778,0.3964225947856903
2027,2576,2324,0.3963698744773865
2028,2576,816,0.3963553011417389
2029,2576,1641,0.3963138461112976
2030,2576,3342,0.3962849974632263
2031,2576,2519,0.39627233147621155
2032,2576,3261,0.3962615728378296
2033,2576,3395,0.39625734090805054
2034,2576,283,0.3962138891220093
2035,2576,539,0.3961918354034424
2036,2576,754,0.39611974358558655
2037,2576,3171,0.3960016667842865
2038,2576,152,0.3959750533103943
2039,2576,2194,0.3959295451641083
2040,2576,2823,0.39592429995536804
2041,2576,1881,0.3959052264690399
2042,2576,1925,0.39588668942451477
2043,2576,3632,0.3958631157875061
2044,2576,343,0.3957686424255371
2045,2576,3623,0.39574629068374634
2046,2576,1563,0.39570820331573486
2047,2576,365,0.3957076668739319
2048,2576,1954,0.3957033157348633
2049,2576,3430,0.39563262462615967
2050,2576,193,0.39548665285110474
2051,2576,737,0.39545390009880066
2052,2576,2359,0.3954361081123352
2053,2576,492,0.3954058289527893
2054,2576,440,0.3953627049922943
2055,2576,3204,0.39534467458724976
2056,2576,7,0.39534372091293335
2057,2576,2397,0.39497438073158264
2058,2576,2614,0.39497146010398865
2059,2576,1879,0.3949553072452545
2060,2576,2776,0.3949248194694519
2061,2576,2084,0.3948039710521698
2062,2576,1162,0.39478322863578796
2063,2576,326,0.39473578333854675
2064,2576,1835,0.3947265148162842
2065,2576,238,0.3946951627731323
2066,2576,2915,0.39468154311180115
2067,2576,20,0.394668847322464
2068,2576,3560,0.3945903480052948
2069,2576,501,0.39455047249794006
2070,2576,2122,0.39441898465156555
2071,2576,3557,0.3943815231323242
2072,2576,3010,0.3943774998188019
2073,2576,3554,0.3943732976913452
2074,2576,3039,0.3943639099597931
2075,2576,2744,0.3943287432193756
2076,2576,1850,0.3943113088607788
2077,2576,291,0.3943108916282654
2078,2576,2588,0.3943036198616028
2079,2576,1575,0.39430108666419983
2080,2576,3572,0.3942478597164154
2081,2576,3473,0.39413201808929443
2082,2576,2597,0.3940827548503876
2083,2576,1757,0.3940720558166504
2084,2576,3343,0.39392274618148804
2085,2576,3229,0.3938905596733093
2086,2576,3589,0.3938634395599365
2087,2576,2690,0.39386194944381714
2088,2576,113,0.39385977387428284
2089,2576,2936,0.39360949397087097
2090,2576,1378,0.3935961425304413
2091,2576,121,0.3935675024986267
2092,2576,235,0.39356479048728943
2093,2576,3551,0.3935495615005493
2094,2576,2565,0.393481582403183
2095,2576,218,0.393435001373291
2096,2576,793,0.39339566230773926
2097,2576,1680,0.3933013677597046
2098,2576,2723,0.39327549934387207
2099,2576,3082,0.3931991457939148
2100,2576,431,0.39315640926361084
2101,2576,3544,0.3931068778038025
2102,2576,3271,0.39309853315353394
2103,2576,2577,0.39309731125831604
2104,2576,232,0.39301684498786926
2105,2576,1194,0.393009215593338
2106,2576,1407,0.39300259947776794
2107,2576,753,0.3929564654827118
2108,2576,3651,0.39281758666038513
2109,2576,1959,0.3927916884422302
2110,2576,1036,0.3927747905254364
2111,2576,1345,0.3927467167377472
2112,2576,1742,0.3927353620529175
2113,2576,1616,0.39273402094841003
2114,2576,653,0.39270132780075073
2115,2576,1832,0.39269837737083435
2116,2576,864,0.3926333785057068
2117,2576,521,0.39261260628700256
2118,2576,2764,0.3925962746143341
2119,2576,3199,0.39252007007598877
2120,2576,45,0.3925172984600067
2121,2576,706,0.3925134837627411
2122,2576,2783,0.39248281717300415
2123,2576,78,0.39244985580444336
2124,2576,2290,0.3924371600151062
2125,2576,3553,0.3923017680644989
2126,2576,3546,0.39229851961135864
2127,2576,1511,0.3922160863876343
2128,2576,2801,0.3922112286090851
2129,2576,91,0.39219728112220764
2130,2576,344,0.39218175411224365
2131,2576,403,0.39215606451034546
2132,2576,2307,0.39212989807128906
2133,2576,3214,0.39208167791366577
2134,2576,2042,0.3920803368091583
2135,2576,569,0.39205098152160645
2136,2576,2387,0.3920486867427826
2137,2576,687,0.39201241731643677
2138,2576,453,0.3919702470302582
2139,2576,2190,0.39196208119392395
2140,2576,3628,0.3919031322002411
2141,2576,2780,0.39181092381477356
2142,2576,24,0.39179274439811707
2143,2576,1924,0.3916650414466858
2144,2576,709,0.3916378617286682
2145,2576,298,0.3916066884994507
2146,2576,1824,0.39160361886024475
2147,2576,532,0.39149394631385803
2148,2576,1967,0.39149343967437744
2149,2576,1184,0.3914729058742523
2150,2576,2112,0.39143797755241394
2151,2576,3043,0.3914150595664978
2152,2576,3256,0.39138010144233704
2153,2576,3580,0.39137691259384155
2154,2576,1579,0.39134854078292847
2155,2576,3172,0.39113450050354004
2156,2576,3516,0.39111605286598206
2157,2576,223,0.39111411571502686
2158,2576,1911,0.3911115229129791
2159,2576,2971,0.3910682797431946
2160,2576,2116,0.3910573720932007
2161,2576,2081,0.3910139799118042
2162,2576,3600,0.3909721076488495
2163,2576,1765,0.39093533158302307
2164,2576,437,0.3908931612968445
2165,2576,3485,0.3908877670764923
2166,2576,43,0.39078813791275024
2167,2576,2934,0.3906785845756531
2168,2576,557,0.3906518518924713
2169,2576,1212,0.3905288577079773
2170,2576,363,0.39046409726142883
2171,2576,2820,0.39043301343917847
2172,2576,1581,0.39038336277008057
2173,2576,685,0.39033618569374084
2174,2576,2615,0.3903287351131439
2175,2576,555,0.39032384753227234
2176,2576,2770,0.3903093636035919
2177,2576,662,0.39029747247695923
2178,2576,478,0.3902696967124939
2179,2576,711,0.39023545384407043
2180,2576,2428,0.39022305607795715
2181,2576,1763,0.3902055323123932
2182,2576,3384,0.3901374042034149
2183,2576,2923,0.39010757207870483
2184,2576,3371,0.39006662368774414
2185,2576,3096,0.3899778425693512
2186,2576,1761,0.38995692133903503
2187,2576,2305,0.3899374306201935
2188,2576,208,0.38993290066719055
2189,2576,1649,0.3899141550064087
2190,2576,1442,0.38990890979766846
2191,2576,2761,0.3898843824863434
2192,2576,2293,0.3898749351501465
2193,2576,3564,0.3898712396621704
2194,2576,763,0.389868825674057
2195,2576,2475,0.3898445665836334
2196,2576,3421,0.38977524638175964
2197,2576,1142,0.3897211253643036
2198,2576,1217,0.3896944224834442
2199,2576,15,0.3896847665309906
2200,2576,1936,0.3895721435546875
2201,2576,2908,0.3895643651485443
2202,2576,3332,0.38953936100006104
2203,2576,1386,0.389507532119751
2204,2576,1183,0.38947349786758423
2205,2576,1040,0.3894108235836029
2206,2576,2479,0.3894064426422119
2207,2576,666,0.389404833316803
2208,2576,3620,0.3893710970878601
2209,2576,3314,0.3893131911754608
2210,2576,1150,0.3892909586429596
2211,2576,1135,0.38926318287849426
2212,2576,1122,0.38924017548561096
2213,2576,3440,0.38923022150993347
2214,2576,2497,0.3891845941543579
2215,2576,2330,0.38916605710983276
2216,2576,2888,0.3890819847583771
2217,2576,2440,0.3890760540962219
2218,2576,1344,0.38902461528778076
2219,2576,511,0.38889601826667786
2220,2576,3397,0.3888484537601471
2221,2576,2629,0.38876137137413025
2222,2576,438,0.38874533772468567
2223,2576,1870,0.3887033760547638
2224,2576,3386,0.38863834738731384
2225,2576,2638,0.38859179615974426
2226,2576,1750,0.3884834349155426
2227,2576,1480,0.38845208287239075
2228,2576,1261,0.38844648003578186
2229,2576,1188,0.3884429335594177
2230,2576,1804,0.38838741183280945
2231,2576,1969,0.3883781135082245
2232,2576,3113,0.3883741796016693
2233,2576,1284,0.38832899928092957
2234,2576,1995,0.38832151889801025
2235,2576,818,0.38830167055130005
2236,2576,2584,0.38825592398643494
2237,2576,2694,0.3882153034210205
2238,2576,710,0.3882046341896057
2239,2576,766,0.38817301392555237
2240,2576,1809,0.38816943764686584
2241,2576,3203,0.38814496994018555
2242,2576,1283,0.3880821168422699
2243,2576,2876,0.38807228207588196
2244,2576,240,0.38804149627685547
2245,2576,3517,0.38800308108329773
2246,2576,1855,0.3879435658454895
2247,2576,3305,0.38792282342910767
2248,2576,704,0.387789249420166
2249,2576,3426,0.3877300024032593
2250,2576,1208,0.3876988887786865
2251,2576,156,0.3876161575317383
2252,2576,786,0.387596070766449
2253,2576,2628,0.3875480890274048
2254,2576,1477,0.38754546642303467
2255,2576,1199,0.38753196597099304
2256,2576,2221,0.38753023743629456
2257,2576,163,0.387484610080719
2258,2576,475,0.38748177886009216
2259,2576,1637,0.3873845636844635
2260,2576,616,0.38737547397613525
2261,2576,33,0.3873588740825653
2262,2576,1507,0.3873438537120819
2263,2576,1573,0.3872382640838623
2264,2576,3162,0.38721728324890137
2265,2576,810,0.38720443844795227
2266,2576,3631,0.3871946632862091
2267,2576,3091,0.3871881067752838
2268,2576,2838,0.3871155381202698
2269,2576,126,0.38711515069007874
2270,2576,314,0.38711264729499817
2271,2576,3313,0.38705363869667053
2272,2576,2790,0.38702741265296936
2273,2576,3092,0.38701048493385315
2274,2576,1334,0.3870057761669159
2275,2576,2832,0.38691553473472595
2276,2576,1960,0.38686537742614746
2277,2576,278,0.38684746623039246
2278,2576,464,0.3868129849433899
2279,2576,1244,0.38680094480514526
2280,2576,2212,0.38679853081703186
2281,2576,608,0.3867190480232239
2282,2576,1985,0.386669397354126
2283,2576,2574,0.38666170835494995
2284,2576,3556,0.3866134285926819
2285,2576,1296,0.38660189509391785
2286,2576,2853,0.38654547929763794
2287,2576,2137,0.38652530312538147
2288,2576,1634,0.38648372888565063
2289,2576,1050,0.38640302419662476
2290,2576,2210,0.38638827204704285
2291,2576,175,0.38638409972190857
2292,2576,209,0.38631877303123474
2293,2576,840,0.3863130807876587
2294,2576,3023,0.38630199432373047
2295,2576,2573,0.3862699270248413
2296,2576,2938,0.38626375794410706
2297,2576,2477,0.386260062456131
2298,2576,2816,0.38625994324684143
2299,2576,3184,0.3862442970275879
2300,2576,1280,0.3862017095088959
2301,2576,1473,0.3861858546733856
2302,2576,1614,0.38614606857299805
2303,2576,1034,0.38614171743392944
2304,2576,731,0.38611388206481934
2305,2576,1276,0.38611263036727905
2306,2576,26,0.3860960602760315
2307,2576,3309,0.38607257604599
2308,2576,537,0.38600608706474304
2309,2576,248,0.3860015273094177
2310,2576,620,0.385951966047287
2311,2576,698,0.38594967126846313
2312,2576,2946,0.3858884871006012
2313,2576,556,0.38579052686691284
2314,2576,3635,0.38576725125312805
2315,2576,390,0.3857457637786865
2316,2576,1929,0.3857247233390808
2317,2576,3246,0.3857143223285675
2318,2576,3341,0.3856736421585083
2319,2576,794,0.3856618106365204
2320,2576,2454,0.38560357689857483
2321,2576,2601,0.3855483829975128
2322,2576,1103,0.38538044691085815
2323,2576,612,0.385367214679718
2324,2576,2114,0.3853573799133301
2325,2576,2222,0.3853299021720886
2326,2576,3201,0.38532042503356934
2327,2576,2491,0.3851950466632843
2328,2576,306,0.3851819634437561
2329,2576,3178,0.3851185441017151
2330,2576,2022,0.3851080536842346
2331,2576,3135,0.38510215282440186
2332,2576,2583,0.3850249648094177
2333,2576,1919,0.38501086831092834
2334,2576,714,0.38499751687049866
2335,2576,3187,0.3847818374633789
2336,2576,2003,0.38477590680122375
2337,2576,2322,0.38475537300109863
2338,2576,2146,0.3847333490848541
2339,2576,1762,0.3846524953842163
2340,2576,1406,0.3846248388290405
2341,2576,3337,0.3845299482345581
2342,2576,2025,0.38449567556381226
2343,2576,176,0.3844936192035675
2344,2576,2135,0.3843589723110199
2345,2576,3223,0.3843437135219574
2346,2576,649,0.38433343172073364
2347,2576,3180,0.38430002331733704
2348,2576,1314,0.3842451274394989
2349,2576,3021,0.38424432277679443
2350,2576,2917,0.38420218229293823
2351,2576,1048,0.3841460347175598
2352,2576,234,0.38414373993873596
2353,2576,3056,0.3841302692890167
2354,2576,1061,0.3841201066970825
2355,2576,217,0.3841070532798767
2356,2576,528,0.38410648703575134
2357,2576,72,0.3840865194797516
2358,2576,1095,0.38405781984329224
2359,2576,3417,0.38403961062431335
2360,2576,3514,0.3839925229549408
2361,2576,496,0.38398197293281555
2362,2576,2451,0.3838694393634796
2363,2576,96,0.38386520743370056
2364,2576,3641,0.3837415277957916
2365,2576,533,0.3837413489818573
2366,2576,1409,0.38369184732437134
2367,2576,1321,0.3836211860179901
2368,2576,181,0.38351598381996155
2369,2576,2564,0.3835097551345825
2370,2576,311,0.3834443986415863
2371,2576,2613,0.3834071457386017
2372,2576,3316,0.3833799958229065
2373,2576,1391,0.3833461403846741
2374,2576,2925,0.3832721412181854
2375,2576,3225,0.3832705020904541
2376,2576,1081,0.38325852155685425
2377,2576,832,0.38319435715675354
2378,2576,1908,0.38318151235580444
2379,2576,3104,0.38317105174064636
2380,2576,1852,0.3830782473087311
2381,2576,3626,0.3830781877040863
2382,2576,86,0.3830564320087433
2383,2576,3335,0.3830464482307434
2384,2576,795,0.38289833068847656
2385,2576,3595,0.3828899562358856
2386,2576,724,0.38284745812416077
2387,2576,1454,0.3828268051147461
2388,2576,3228,0.38279375433921814
2389,2576,3406,0.38279351592063904
2390,2576,3562,0.3827669620513916
2391,2576,2926,0.38272926211357117
2392,2576,740,0.3827192485332489
2393,2576,776,0.38271212577819824
2394,2576,3161,0.3826553225517273
2395,2576,1308,0.3825593888759613
2396,2576,2099,0.3825570046901703
2397,2576,3163,0.38255223631858826
2398,2576,1972,0.3825499713420868
2399,2576,3312,0.38253650069236755
2400,2576,3637,0.3825361132621765
2401,2576,1975,0.3825276494026184
2402,2576,2960,0.38251808285713196
2403,2576,290,0.3825180232524872
2404,2576,1313,0.38240212202072144
2405,2576,2929,0.3823910653591156
2406,2576,1047,0.38234537839889526
2407,2576,535,0.3823414444923401
2408,2576,1918,0.38232311606407166
2409,2576,476,0.38220638036727905
2410,2576,3563,0.38218870759010315
2411,2576,3233,0.3821205496788025
2412,2576,1780,0.3820856213569641
2413,2576,1644,0.3819342851638794
2414,2576,1570,0.3818092942237854
2415,2576,2506,0.38177627325057983
2416,2576,3052,0.3817559480667114
2417,2576,1799,0.38175442814826965
2418,2576,2554,0.38171032071113586
2419,2576,2310,0.38169586658477783
2420,2576,3576,0.38167688250541687
2421,2576,487,0.38150104880332947
2422,2576,1195,0.381488561630249
2423,2576,734,0.3814879357814789
2424,2576,3177,0.38147544860839844
2425,2576,2090,0.3814675807952881
2426,2576,2205,0.3813778758049011
2427,2576,2010,0.38131967186927795
2428,2576,407,0.3813192546367645
2429,2576,1178,0.38130077719688416
2430,2576,369,0.38128551840782166
2431,2576,2168,0.38125795125961304
2432,2576,701,0.3812521994113922
2433,2576,1222,0.38125079870224
2434,2576,3585,0.3811976909637451
2435,2576,1694,0.38104498386383057
2436,2576,1902,0.3809862434864044
2437,2576,3613,0.3809645473957062
2438,2576,2295,0.3809502124786377
2439,2576,1371,0.3809173107147217
2440,2576,1626,0.3808876574039459
2441,2576,75,0.38088297843933105
2442,2576,1628,0.38086679577827454
2443,2576,1078,0.3808611333370209
2444,2576,1732,0.3808332085609436
2445,2576,647,0.380796879529953
2446,2576,1282,0.3807344436645508
2447,2576,2680,0.38068899512290955
2448,2576,3578,0.3806881010532379
2449,2576,2819,0.3806426227092743
2450,2576,2376,0.38057592511177063
2451,2576,1359,0.38052597641944885
2452,2576,1235,0.3805201053619385
2453,2576,1647,0.38050439953804016
2454,2576,3051,0.38048818707466125
2455,2576,1611,0.3804476857185364
2456,2576,2115,0.3804336488246918
2457,2576,2123,0.3804253041744232
2458,2576,3061,0.3803946077823639
2459,2576,3207,0.3803749084472656
2460,2576,287,0.38034823536872864
2461,2576,123,0.38031771779060364
2462,2576,633,0.3803114891052246
2463,2576,3577,0.380281537771225
2464,2576,3376,0.3802768290042877
2465,2576,1058,0.3802548348903656
2466,2576,3561,0.3802301585674286
2467,2576,1840,0.38018953800201416
2468,2576,835,0.3801642656326294
2469,2576,2945,0.3801012635231018
2470,2576,3263,0.38010096549987793
2471,2576,1005,0.37993094325065613
2472,2576,2939,0.3798278272151947
2473,2576,1949,0.37981539964675903
2474,2576,260,0.3797750174999237
2475,2576,64,0.3797079622745514
2476,2576,474,0.3795785903930664
2477,2576,2450,0.3795735538005829
2478,2576,644,0.3793995678424835
2479,2576,1617,0.3793686330318451
2480,2576,1070,0.37936437129974365
2481,2576,3336,0.37934115529060364
2482,2576,1814,0.37929075956344604
2483,2576,2204,0.379273384809494
2484,2576,3262,0.37924471497535706
2485,2576,1662,0.3792361319065094
2486,2576,545,0.3792313039302826
2487,2576,3625,0.37912797927856445
2488,2576,3242,0.3788767158985138
2489,2576,738,0.3788585960865021
2490,2576,1938,0.378804475069046
2491,2576,1117,0.37880223989486694
2492,2576,2056,0.37879708409309387
2493,2576,1341,0.3787716031074524
2494,2576,3268,0.37858158349990845
2495,2576,2508,0.37857112288475037
2496,2576,3024,0.37849050760269165
2497,2576,263,0.3784395754337311
2498,2576,310,0.37843289971351624
2499,2576,2757,0.3784146010875702
2500,2576,1348,0.3784017860889435
2501,2576,3125,0.37833288311958313
2502,2576,231,0.37831345200538635
2503,2576,3347,0.37829428911209106
2504,2576,3215,0.3782568573951721
2505,2576,2636,0.37823909521102905
2506,2576,2206,0.37814876437187195
2507,2576,3231,0.37814465165138245
2508,2576,1373,0.37813812494277954
2509,2576,3377,0.37812843918800354
2510,2576,1512,0.3781144320964813
2511,2576,2075,0.37806758284568787
2512,2576,3115,0.37805047631263733
2513,2576,2916,0.37804293632507324
2514,2576,1298,0.3780156672000885
2515,2576,2620,0.3780054748058319
2516,2576,1851,0.37796691060066223
2517,2576,1513,0.37796688079833984
2518,2576,452,0.3779556155204773
2519,2576,2569,0.37793898582458496
2520,2576,1777,0.37790584564208984
2521,2576,3141,0.3779020309448242
2522,2576,2806,0.377888560295105
2523,2576,3269,0.37787970900535583
2524,2576,3339,0.37785711884498596
2525,2576,3579,0.37780922651290894
2526,2576,3210,0.37780413031578064
2527,2576,3108,0.37774816155433655
2528,2576,1859,0.37768810987472534
2529,2576,613,0.3776852488517761
2530,2576,854,0.3776376247406006
2531,2576,2675,0.3775821626186371
2532,2576,2493,0.3774632513523102
2533,2576,1770,0.37744393944740295
2534,2576,481,0.3774248957633972
2535,2576,1705,0.3773784339427948
2536,2576,2833,0.3773564398288727
2537,2576,778,0.3773435652256012
2538,2576,214,0.3772636353969574
2539,2576,2907,0.37717804312705994
2540,2576,2523,0.3771097958087921
2541,2576,3552,0.3769592046737671
2542,2576,3284,0.3769270181655884
2543,2576,117,0.3769248127937317
2544,2576,2563,0.37687015533447266
2545,2576,1655,0.37674593925476074
2546,2576,249,0.3767327666282654
2547,2576,3350,0.3767262399196625
2548,2576,1666,0.376715749502182
2549,2576,1713,0.37669700384140015
2550,2576,341,0.37664133310317993
2551,2576,1052,0.3765530586242676
2552,2576,2545,0.3764856159687042
2553,2576,2138,0.3764781653881073
2554,2576,1704,0.3763955235481262
2555,2576,1101,0.3763576149940491
2556,2576,1984,0.3763200640678406
2557,2576,3126,0.37630295753479004
2558,2576,1032,0.376302033662796
2559,2576,2399,0.37629976868629456
2560,2576,1812,0.37628039717674255
2561,2576,696,0.3762478530406952
2562,2576,1811,0.3762266933917999
2563,2576,381,0.37621966004371643
2564,2576,3587,0.37617188692092896
2565,2576,1303,0.3760714530944824
2566,2576,1049,0.3760640025138855
2567,2576,2552,0.37599319219589233
2568,2576,2139,0.37593919038772583
2569,2576,274,0.3759099543094635
2570,2576,1225,0.3759080767631531
2571,2576,498,0.3758684992790222
2572,2576,2533,0.37576088309288025
2573,2576,324,0.37574389576911926
2574,2576,679,0.3756905496120453
2575,2576,220,0.3756698966026306
2576,2576,1774,0.37557655572891235
2577,2576,3601,0.37556585669517517
2578,2576,1930,0.37553727626800537
2579,2576,2930,0.3755047917366028
2580,2576,775,0.3754717707633972
2581,2576,717,0.37545478343963623
2582,2576,1779,0.3754536211490631
2583,2576,3297,0.375440388917923
2584,2576,3555,0.37540537118911743
2585,2576,3046,0.37532323598861694
2586,2576,3134,0.37531930208206177
2587,2576,3045,0.37528494000434875
2588,2576,1795,0.3752797842025757
2589,2576,84,0.3752312660217285
2590,2576,3321,0.375229150056839
2591,2576,1692,0.3751865327358246
2592,2576,3385,0.37516525387763977
2593,2576,493,0.3750234842300415
2594,2576,1686,0.37498748302459717
2595,2576,2884,0.37490832805633545
2596,2576,3304,0.37489765882492065
2597,2576,1100,0.3748757243156433
2598,2576,512,0.37476831674575806
2599,2576,2185,0.37474310398101807
2600,2576,1541,0.37468650937080383
2601,2576,1815,0.3746802806854248
2602,2576,3211,0.37449100613594055
2603,2576,749,0.3744269609451294
2604,2576,1745,0.3743917942047119
2605,2576,1505,0.37430641055107117
2606,2576,2886,0.3741952180862427
2607,2576,3515,0.3740595281124115
2608,2576,3300,0.37384724617004395
2609,2576,2313,0.37384098768234253
2610,2576,1788,0.37367522716522217
2611,2576,342,0.373664528131485
2612,2576,1653,0.37364745140075684
2613,2576,2670,0.3736259937286377
2614,2576,1994,0.37358900904655457
2615,2576,3303,0.3735470771789551
2616,2576,304,0.37350210547447205
2617,2576,2543,0.37344852089881897
2618,2576,442,0.3734416365623474
2619,2576,3086,0.3733941912651062
2620,2576,3054,0.3733486831188202
2621,2576,3521,0.3733260929584503
2622,2576,1074,0.3733114004135132
2623,2576,3327,0.3732966184616089
2624,2576,195,0.37325596809387207
2625,2576,3325,0.3732450306415558
2626,2576,3206,0.37321117520332336
2627,2576,2603,0.37317872047424316
2628,2576,1955,0.37313613295555115
2629,2576,1330,0.37313351035118103
2630,2576,1952,0.37310144305229187
2631,2576,1402,0.3730478584766388
2632,2576,916,0.37300220131874084
2633,2576,1869,0.3729994297027588
2634,2576,1204,0.3729463815689087
2635,2576,1826,0.37292370200157166
2636,2576,3275,0.37291455268859863
2637,2576,1045,0.3729006350040436
2638,2576,3622,0.3728940784931183
2639,2576,3643,0.37286868691444397
2640,2576,1338,0.37284594774246216
2641,2576,2788,0.37283095717430115
2642,2576,460,0.3727986812591553
2643,2576,3081,0.372714638710022
2644,2576,1343,0.3727099895477295
2645,2576,2111,0.37267619371414185
2646,2576,814,0.3726722300052643
2647,2576,3338,0.37266573309898376
2648,2576,2858,0.37260740995407104
2649,2576,600,0.37247300148010254
2650,2576,904,0.372467964887619
2651,2576,3198,0.3724391460418701
2652,2576,2197,0.3724375069141388
2653,2576,454,0.3723814785480499
2654,2576,856,0.3722260892391205
2655,2576,3034,0.37218374013900757
2656,2576,2520,0.37207385897636414
2657,2576,1734,0.37206709384918213
2658,2576,673,0.3720214366912842
2659,2576,3274,0.3719871938228607
2660,2576,2195,0.371856153011322
2661,2576,1175,0.37173759937286377
2662,2576,316,0.3716728687286377
2663,2576,1119,0.3716490864753723
2664,2576,1446,0.3715294897556305
2665,2576,340,0.3715290129184723
2666,2576,1708,0.3715253472328186
2667,2576,3065,0.3714669644832611
2668,2576,1895,0.3714151680469513
2669,2576,1441,0.37141314148902893
2670,2576,1676,0.3713717460632324
2671,2576,694,0.37131267786026
2672,2576,654,0.37131267786026
2673,2576,3238,0.37126046419143677
2674,2576,1397,0.37125152349472046
2675,2576,811,0.3712494671344757
2676,2576,1164,0.3712022304534912
2677,2576,1173,0.3711106777191162
2678,2576,2328,0.37107574939727783
2679,2576,1670,0.37104541063308716
2680,2576,1440,0.37101027369499207
2681,2576,697,0.3709796965122223
2682,2576,1942,0.37091007828712463
2683,2576,1820,0.3707929849624634
2684,2576,3160,0.3707742393016815
2685,2576,2370,0.3707485496997833
2686,2576,781,0.37073031067848206
2687,2576,1376,0.3707205057144165
2688,2576,2062,0.37069788575172424
2689,2576,601,0.3706028461456299
2690,2576,1292,0.37058550119400024
2691,2576,3370,0.37054362893104553
2692,2576,1185,0.3704761564731598
2693,2576,27,0.37037599086761475
2694,2576,2156,0.37032386660575867
2695,2576,604,0.37032365798950195
2696,2576,1953,0.370103657245636
2697,2576,1196,0.3700786232948303
2698,2576,2755,0.36996978521347046
2699,2576,233,0.3699619472026825
2700,2576,2714,0.3698819875717163
2701,2576,417,0.3697776794433594
2702,2576,3640,0.36972424387931824
2703,2576,1639,0.3696739375591278
2704,2576,3540,0.3696160316467285
2705,2576,1668,0.3696141839027405
2706,2576,2189,0.36954814195632935
2707,2576,2524,0.36953771114349365
2708,2576,30,0.3694216012954712
2709,2576,286,0.36940810084342957
2710,2576,1384,0.3692820370197296
2711,2576,1088,0.3691891133785248
2712,2576,1186,0.3691880702972412
2713,2576,3538,0.3691790997982025
2714,2576,3257,0.36896300315856934
2715,2576,97,0.3689527213573456
2716,2576,3382,0.36892420053482056
2717,2576,2817,0.36886370182037354
2718,2576,2863,0.36884161829948425
2719,2576,1154,0.36879411339759827
2720,2576,1771,0.3687876760959625
2721,2576,71,0.3687858581542969
2722,2576,656,0.36874058842658997
2723,2576,2496,0.36870837211608887
2724,2576,2525,0.3686957061290741
2725,2576,888,0.368613064289093
2726,2576,3174,0.3685636520385742
2727,2576,3414,0.3684832751750946
2728,2576,2424,0.3684157431125641
2729,2576,2087,0.3683755099773407
2730,2576,867,0.36836862564086914
2731,2576,3235,0.3683024048805237
2732,2576,2505,0.3683013916015625
2733,2576,3226,0.36824917793273926
2734,2576,1903,0.368231862783432
2735,2576,53,0.3682275414466858
2736,2576,262,0.3682074546813965
2737,2576,3550,0.368142694234848
2738,2576,808,0.3680073618888855
2739,2576,2314,0.3679298758506775
2740,2576,2349,0.3679267466068268
2741,2576,1111,0.36790862679481506
2742,2576,2331,0.36786437034606934
2743,2576,522,0.3678591847419739
2744,2576,1294,0.36785224080085754
2745,2576,85,0.36783722043037415
2746,2576,2183,0.36781272292137146
2747,2576,459,0.36780697107315063
2748,2576,392,0.36771392822265625
2749,2576,2766,0.36769694089889526
2750,2576,1756,0.36769455671310425
2751,2576,3528,0.3676849901676178
2752,2576,933,0.3676685392856598
2753,2576,3608,0.367520809173584
2754,2576,3248,0.36749160289764404
2755,2576,2369,0.36748892068862915
2756,2576,2867,0.36746856570243835
2757,2576,1613,0.36746785044670105
2758,2576,675,0.3674375116825104
2759,2576,1339,0.3672499358654022
2760,2576,1069,0.36724886298179626
2761,2576,1237,0.36723244190216064
2762,2576,3033,0.36723119020462036
2763,2576,2856,0.36721670627593994
2764,2576,563,0.3671816289424896
2765,2576,1481,0.3671714961528778
2766,2576,1712,0.36715269088745117
2767,2576,618,0.3671451508998871
2768,2576,2478,0.3671450912952423
2769,2576,2870,0.3671033978462219
2770,2576,1537,0.3670617640018463
2771,2576,3537,0.36703550815582275
2772,2576,3545,0.3668382465839386
2773,2576,2919,0.36658236384391785
2774,2576,66,0.36654576659202576
2775,2576,1667,0.36651575565338135
2776,2576,1837,0.3664299547672272
2777,2576,1797,0.366424024105072
2778,2576,2542,0.36638233065605164
2779,2576,89,0.36621731519699097
2780,2576,3574,0.36614862084388733
2781,2576,73,0.3661365807056427
2782,2576,1200,0.36610332131385803
2783,2576,1998,0.36610063910484314
2784,2576,2559,0.36599200963974
2785,2576,2741,0.36588582396507263
2786,2576,3534,0.365877628326416
2787,2576,684,0.36585986614227295
2788,2576,1364,0.36583593487739563
2789,2576,723,0.3657211661338806
2790,2576,852,0.3657115697860718
2791,2576,1578,0.36570239067077637
2792,2576,1776,0.36567777395248413
2793,2576,3399,0.3656499683856964
2794,2576,2681,0.36562666296958923
2795,2576,205,0.36562487483024597
2796,2576,2188,0.3655673563480377
2797,2576,771,0.36551451683044434
2798,2576,772,0.3653121292591095
2799,2576,2725,0.36529675126075745
2800,2576,491,0.365252822637558
2801,2576,1432,0.36516493558883667
2802,2576,502,0.3651597797870636
2803,2576,3037,0.36511316895484924
2804,2576,1695,0.36508744955062866
2805,2576,1638,0.36500436067581177
2806,2576,2301,0.3648819327354431
2807,2576,2668,0.36486056447029114
2808,2576,3254,0.3648524880409241
2809,2576,2537,0.36481043696403503
2810,2576,3098,0.36478134989738464
2811,2576,1620,0.3645383417606354
2812,2576,1514,0.36453548073768616
2813,2576,1981,0.36451971530914307
2814,2576,2949,0.3644925057888031
2815,2576,564,0.3644285202026367
2816,2576,3077,0.36440905928611755
2817,2576,1716,0.3643855154514313
2818,2576,1080,0.3643614947795868
2819,2576,3588,0.36430689692497253
2820,2576,530,0.3642861247062683
2821,2576,853,0.36420854926109314
2822,2576,2072,0.3641948401927948
2823,2576,2148,0.36416807770729065
2824,2576,2808,0.36416155099868774
2825,2576,2515,0.36414065957069397
2826,2576,2800,0.3640629053115845
2827,2576,2745,0.36404603719711304
2828,2576,3301,0.3640252351760864
2829,2576,3434,0.36389243602752686
2830,2576,34,0.36389073729515076
2831,2576,1141,0.3638581335544586
2832,2576,3472,0.36384057998657227
2833,2576,2707,0.3637921214103699
2834,2576,859,0.36375588178634644
2835,2576,1226,0.3637489974498749
2836,2576,1368,0.3637472093105316
2837,2576,3477,0.3637387156486511
2838,2576,2109,0.3636994957923889
2839,2576,773,0.3636750876903534
2840,2576,1711,0.36366090178489685
2841,2576,3290,0.36366018652915955
2842,2576,3348,0.3635777235031128
2843,2576,279,0.3635672628879547
2844,2576,1978,0.36356019973754883
2845,2576,3410,0.36353740096092224
2846,2576,1071,0.36348944902420044
2847,2576,253,0.3634371757507324
2848,2576,1168,0.36337265372276306
2849,2576,2538,0.3633565902709961
2850,2576,3116,0.36306628584861755
2851,2576,1293,0.36298349499702454
2852,2576,305,0.3628908693790436
2853,2576,764,0.3628026843070984
2854,2576,135,0.3627866506576538
2855,2576,1218,0.3627176880836487
2856,2576,1350,0.36253219842910767
2857,2576,1646,0.3625289797782898
2858,2576,1912,0.3624924123287201
2859,2576,461,0.3624264597892761
2860,2576,2530,0.36229583621025085
2861,2576,3529,0.3620357811450958
2862,2576,657,0.3620160222053528
2863,2576,1904,0.3619527816772461
2864,2576,257,0.3619461953639984
2865,2576,3569,0.3619375228881836
2866,2576,2175,0.36193397641181946
2867,2576,2965,0.36174336075782776
2868,2576,2154,0.3616698384284973
2869,2576,210,0.36160752177238464
2870,2576,2333,0.361585408449173
2871,2576,489,0.36157330870628357
2872,2576,826,0.36154574155807495
2873,2576,1268,0.3615245521068573
2874,2576,65,0.3614763617515564
2875,2576,3400,0.36146822571754456
2876,2576,1311,0.3612406551837921
2877,2576,2311,0.36123064160346985
2878,2576,1124,0.3612302243709564
2879,2576,2844,0.3612031638622284
2880,2576,1288,0.36118653416633606
2881,2576,1329,0.36117878556251526
2882,2576,1882,0.3611551523208618
2883,2576,2539,0.36114075779914856
2884,2576,1377,0.3611069321632385
2885,2576,2167,0.3609871566295624
2886,2576,1104,0.3609316647052765
2887,2576,2337,0.36089494824409485
2888,2576,1083,0.3608759343624115
2889,2576,3064,0.3608452081680298
2890,2576,3333,0.3608394265174866
2891,2576,1696,0.3607794940471649
2892,2576,1790,0.3607255816459656
2893,2576,2544,0.3606024980545044
2894,2576,3369,0.3605949580669403
2895,2576,3510,0.36048176884651184
2896,2576,1137,0.3604188859462738
2897,2576,2720,0.3603932559490204
2898,2576,1738,0.36032363772392273
2899,2576,1862,0.3603203296661377
2900,2576,2772,0.3602584898471832
2901,2576,863,0.3602445423603058
2902,2576,1089,0.3601899743080139
2903,2576,3079,0.3600716292858124
2904,2576,1699,0.3600453734397888
2905,2576,2667,0.36002081632614136
2906,2576,1723,0.35996952652931213
2907,2576,503,0.3599472939968109
2908,2576,2866,0.3598933517932892
2909,2576,2818,0.3598777651786804
2910,2576,1159,0.35977301001548767
2911,2576,1210,0.35976287722587585
2912,2576,3088,0.35974088311195374
2913,2576,1202,0.35973548889160156
2914,2576,255,0.35965415835380554
2915,2576,2470,0.35964471101760864
2916,2576,3442,0.35959750413894653
2917,2576,1821,0.35957103967666626
2918,2576,1633,0.3595448434352875
2919,2576,2217,0.3595207631587982
2920,2576,2608,0.3595120906829834
2921,2576,2902,0.35948044061660767
2922,2576,2590,0.35946038365364075
2923,2576,524,0.35944703221321106
2924,2576,70,0.3594408929347992
2925,2576,2550,0.35943514108657837
2926,2576,1612,0.3594091534614563
2927,2576,1658,0.35939839482307434
2928,2576,2968,0.35938870906829834
2929,2576,3133,0.3593035042285919
2930,2576,3612,0.35929349064826965
2931,2576,2001,0.3592720925807953
2932,2576,1051,0.35916972160339355
2933,2576,3548,0.3591459393501282
2934,2576,1301,0.35908961296081543
2935,2576,1720,0.359029084444046
2936,2576,722,0.35901862382888794
2937,2576,3391,0.35901427268981934
2938,2576,3486,0.35900065302848816
2939,2576,707,0.35897719860076904
2940,2576,593,0.3589083254337311
2941,2576,2203,0.35885533690452576
2942,2576,836,0.3588423430919647
2943,2576,1285,0.3588337302207947
2944,2576,3441,0.3588337302207947
2945,2576,2718,0.3587262034416199
2946,2576,849,0.3586897552013397
2947,2576,592,0.35861292481422424
2948,2576,1181,0.35851162672042847
2949,2576,3425,0.35850366950035095
2950,2576,69,0.3583829402923584
2951,2576,2119,0.35837891697883606
2952,2576,1085,0.3583301901817322
2953,2576,3532,0.35831573605537415
2954,2576,3202,0.3582906723022461
2955,2576,1149,0.35827675461769104
2956,2576,1166,0.3581373393535614
2957,2576,619,0.3581356108188629
2958,2576,1367,0.35812756419181824
2959,2576,2471,0.35811519622802734
2960,2576,228,0.3580993711948395
2961,2576,3519,0.35800230503082275
2962,2576,1062,0.3579650819301605
2963,2576,1145,0.3579622507095337
2964,2576,1990,0.35790854692459106
2965,2576,700,0.3578360378742218
2966,2576,1156,0.3578200936317444
2967,2576,1075,0.3575841188430786
2968,2576,1238,0.3575299084186554
2969,2576,3598,0.35752835869789124
2970,2576,1635,0.3574732840061188
2971,2576,2672,0.3574604392051697
2972,2576,2483,0.35735023021698
2973,2576,446,0.35721689462661743
2974,2576,3094,0.35716065764427185
2975,2576,1171,0.3570391535758972
2976,2576,272,0.3569459319114685
2977,2576,861,0.3568647503852844
2978,2576,692,0.3567615747451782
2979,2576,517,0.3567083179950714
2980,2576,3190,0.35667315125465393
2981,2576,2713,0.35664984583854675
2982,2576,813,0.35663706064224243
2983,2576,1642,0.35659167170524597
2984,2576,2303,0.3565863370895386
2985,2576,716,0.35655277967453003
2986,2576,3465,0.35654735565185547
2987,2576,2905,0.3564714193344116
2988,2576,35,0.3563903272151947
2989,2576,1773,0.3563839793205261
2990,2576,2413,0.35636311769485474
2991,2576,1221,0.3562203347682953
2992,2576,2606,0.3560965359210968
2993,2576,1434,0.35597726702690125
2994,2576,3624,0.3559739887714386
2995,2576,488,0.35588979721069336
2996,2576,2529,0.355850487947464
2997,2576,3012,0.3557458221912384
2998,2576,809,0.3557301461696625
2999,2576,50,0.35567495226860046
3000,2576,1259,0.3556588888168335
3001,2576,1152,0.3554874360561371
3002,2576,1098,0.3554477393627167
3003,2576,2759,0.3554467558860779
3004,2576,2532,0.3553757965564728
3005,2576,3243,0.3552325665950775
3006,2576,3531,0.35520079731941223
3007,2576,450,0.355171263217926
3008,2576,2536,0.3551699221134186
3009,2576,1246,0.3551417291164398
3010,2576,3328,0.3551377058029175
3011,2576,3317,0.35511958599090576
3012,2576,2994,0.35505983233451843
3013,2576,725,0.3550163209438324
3014,2576,1845,0.3549903631210327
3015,2576,1174,0.3549620807170868
3016,2576,3031,0.35493719577789307
3017,2576,1203,0.35488957166671753
3018,2576,1082,0.3548867106437683
3019,2576,1312,0.3548007309436798
3020,2576,48,0.3547807037830353
3021,2576,1449,0.35468053817749023
3022,2576,2570,0.3546770513057709
3023,2576,2851,0.35464587807655334
3024,2576,2291,0.35463979840278625
3025,2576,3334,0.3546287417411804
3026,2576,549,0.3544253408908844
3027,2576,1191,0.35442525148391724
3028,2576,752,0.35441771149635315
3029,2576,295,0.3541790246963501
3030,2576,2824,0.35412687063217163
3031,2576,2721,0.35409286618232727
3032,2576,1608,0.3540433347225189
3033,2576,3469,0.35403144359588623
3034,2576,136,0.35402733087539673
3035,2576,3019,0.3539932072162628
3036,2576,1084,0.3538845181465149
3037,2576,3278,0.3538810908794403
3038,2576,1906,0.35379379987716675
3039,2576,3402,0.3537548780441284
3040,2576,1452,0.3537403345108032
3041,2576,3260,0.3536469638347626
3042,2576,2079,0.3536039888858795
3043,2576,1825,0.35358500480651855
3044,2576,2069,0.3535609841346741
3045,2576,2579,0.35349130630493164
3046,2576,2582,0.3534895181655884
3047,2576,1846,0.3534833788871765
3048,2576,627,0.35348081588745117
3049,2576,2894,0.3534791171550751
3050,2576,300,0.35346925258636475
3051,2576,1625,0.35340267419815063
3052,2576,81,0.35338151454925537
3053,2576,1354,0.3532777726650238
3054,2576,841,0.3532419204711914
3055,2576,1097,0.3531744182109833
3056,2576,1887,0.3531367778778076
3057,2576,2196,0.353122740983963
3058,2576,1361,0.35304024815559387
3059,2576,3656,0.3530084192752838
3060,2576,124,0.35291433334350586
3061,2576,3428,0.35277166962623596
3062,2576,2187,0.35267728567123413
3063,2576,3059,0.3526594936847687
3064,2576,2540,0.35262346267700195
3065,2576,16,0.35260334610939026
3066,2576,922,0.35256120562553406
3067,2576,1215,0.35255008935928345
3068,2576,868,0.3525160551071167
3069,2576,2077,0.35242417454719543
3070,2576,655,0.3524186313152313
3071,2576,3444,0.35235318541526794
3072,2576,2699,0.35233378410339355
3073,2576,1791,0.35226571559906006
3074,2576,2666,0.3522551357746124
3075,2576,870,0.3522002398967743
3076,2576,3076,0.3521217405796051
3077,2576,1624,0.35210922360420227
3078,2576,2548,0.35198792815208435
3079,2576,1839,0.35188379883766174
3080,2576,3266,0.3518822491168976
3081,2576,3049,0.35175907611846924
3082,2576,3276,0.3516263961791992
3083,2576,1502,0.3515797555446625
3084,2576,1764,0.3515391945838928
3085,2576,2008,0.3514803946018219
3086,2576,115,0.3513637185096741
3087,2576,2486,0.3513597548007965
3088,2576,2669,0.3512474298477173
3089,2576,1580,0.35108768939971924
3090,2576,2793,0.35107091069221497
3091,2576,3047,0.35106784105300903
3092,2576,1775,0.35098889470100403
3093,2576,3559,0.35093939304351807
3094,2576,3535,0.3509048819541931
3095,2576,1316,0.35090216994285583
3096,2576,2312,0.35089898109436035
3097,2576,2332,0.3508760333061218
3098,2576,3390,0.3508718013763428
3099,2576,1340,0.3508653938770294
3100,2576,447,0.35067376494407654
3101,2576,862,0.3505175709724426
3102,2576,250,0.3504735231399536
3103,2576,611,0.35038524866104126
3104,2576,2480,0.35036131739616394
3105,2576,798,0.3503577411174774
3106,2576,780,0.3503067195415497
3107,2576,2935,0.3502226769924164
3108,2576,1403,0.3502114415168762
3109,2576,1256,0.3502078652381897
3110,2576,74,0.35013431310653687
3111,2576,1060,0.3500993847846985
3112,2576,1211,0.3500760793685913
3113,2576,750,0.35007572174072266
3114,2576,2999,0.35002216696739197
3115,2576,484,0.35000038146972656
3116,2576,3416,0.34993234276771545
3117,2576,2391,0.34989890456199646
3118,2576,1054,0.3498905897140503
3119,2576,3582,0.34983372688293457
3120,2576,1123,0.34980064630508423
3121,2576,1618,0.3497556447982788
3122,2576,490,0.34969258308410645
3123,2576,807,0.3496435880661011
3124,2576,3411,0.34950730204582214
3125,2576,1317,0.34946683049201965
3126,2576,2014,0.3493688702583313
3127,2576,2128,0.34927207231521606
3128,2576,3436,0.3492579162120819
3129,2576,693,0.34924840927124023
3130,2576,839,0.3491944372653961
3131,2576,1471,0.34912344813346863
3132,2576,3525,0.3490748107433319
3133,2576,3264,0.3490569591522217
3134,2576,506,0.3490479290485382
3135,2576,3221,0.34902244806289673
3136,2576,3470,0.3488997519016266
3137,2576,2125,0.3488859236240387
3138,2576,1574,0.34884709119796753
3139,2576,3522,0.3486946225166321
3140,2576,1675,0.34863752126693726
3141,2576,3111,0.34863194823265076
3142,2576,3570,0.34860679507255554
3143,2576,2850,0.34846964478492737
3144,2576,1721,0.3482138514518738
3145,2576,2502,0.3482030928134918
3146,2576,2841,0.3481657803058624
3147,2576,2805,0.34803107380867004
3148,2576,765,0.3477998673915863
3149,2576,1264,0.3477800786495209
3150,2576,3044,0.34777432680130005
3151,2576,1337,0.34765681624412537
3152,2576,3232,0.3476482629776001
3153,2576,1105,0.3476099371910095
3154,2576,865,0.3475804924964905
3155,2576,1167,0.3474332392215729
3156,2576,519,0.3474138677120209
3157,2576,3415,0.3473993241786957
3158,2576,1161,0.3473696708679199
3159,2576,3379,0.3473512828350067
3160,2576,518,0.34730616211891174
3161,2576,1677,0.34727275371551514
3162,2576,49,0.34724271297454834
3163,2576,2920,0.3472089171409607
3164,2576,2227,0.3471788763999939
3165,2576,1320,0.34716781973838806
3166,2576,1654,0.34712278842926025
3167,2576,2731,0.3470636308193207
3168,2576,1854,0.34706199169158936
3169,2576,1287,0.34705448150634766
3170,2576,2225,0.3470230996608734
3171,2576,63,0.3469567894935608
3172,2576,1630,0.3469420373439789
3173,2576,1714,0.34690189361572266
3174,2576,782,0.3468838930130005
3175,2576,2110,0.34688109159469604
3176,2576,2861,0.34677815437316895
3177,2576,544,0.34674566984176636
3178,2576,1427,0.34668904542922974
3179,2576,2171,0.34666091203689575
3180,2576,1126,0.3466601073741913
3181,2576,2591,0.3466271460056305
3182,2576,1315,0.34655120968818665
3183,2576,2200,0.3464934527873993
3184,2576,2557,0.34648042917251587
3185,2576,2000,0.346477210521698
3186,2576,345,0.34640392661094666
3187,2576,1121,0.34638676047325134
3188,2576,3330,0.3463408648967743
3189,2576,1931,0.34631797671318054
3190,2576,76,0.3462378978729248
3191,2576,2134,0.3461463451385498
3192,2576,3484,0.3460521399974823
3193,2576,3523,0.3459881544113159
3194,2576,1328,0.3459773361682892
3195,2576,3407,0.34587693214416504
3196,2576,743,0.3458206355571747
3197,2576,313,0.3457634449005127
3198,2576,3217,0.3456918001174927
3199,2576,1332,0.34564971923828125
3200,2576,3610,0.34564781188964844
3201,2576,1381,0.3456268608570099
3202,2576,2716,0.3456087112426758
3203,2576,695,0.34555622935295105
3204,2576,3205,0.34555375576019287
3205,2576,2626,0.34548988938331604
3206,2576,3159,0.3453368842601776
3207,2576,331,0.34510424733161926
3208,2576,3653,0.34504663944244385
3209,2576,2815,0.34500277042388916
3210,2576,44,0.34497806429862976
3211,2576,1448,0.3449271321296692
3212,2576,797,0.34483450651168823
3213,2576,3533,0.3448258638381958
3214,2576,1772,0.3446819484233856
3215,2576,3498,0.3446125090122223
3216,2576,364,0.3444303572177887
3217,2576,3567,0.3443934917449951
3218,2576,1728,0.3443564772605896
3219,2576,1703,0.3443118631839752
3220,2576,1800,0.3442703187465668
3221,2576,2787,0.34417977929115295
3222,2576,3403,0.344165176153183
3223,2576,1701,0.34414491057395935
3224,2576,2279,0.3439882695674896
3225,2576,2093,0.34394484758377075
3226,2576,500,0.3437446653842926
3227,2576,3346,0.34373927116394043
3228,2576,1249,0.3437179625034332
3229,2576,1894,0.34369897842407227
3230,2576,3322,0.34368255734443665
3231,2576,254,0.34364938735961914
3232,2576,1140,0.34358131885528564
3233,2576,3539,0.3434547781944275
3234,2576,483,0.3434416949748993
3235,2576,3435,0.3433108627796173
3236,2576,2695,0.3432159423828125
3237,2576,2828,0.34315526485443115
3238,2576,2748,0.343149334192276
3239,2576,761,0.3431284427642822
3240,2576,2549,0.34309789538383484
3241,2576,88,0.34305500984191895
3242,2576,2476,0.34291619062423706
3243,2576,800,0.34272879362106323
3244,2576,458,0.34270843863487244
3245,2576,3239,0.3426624536514282
3246,2576,239,0.3426188826560974
3247,2576,1571,0.34260809421539307
3248,2576,1035,0.3425746560096741
3249,2576,1983,0.34253326058387756
3250,2576,3524,0.34246113896369934
3251,2576,3520,0.3424552083015442
3252,2576,3320,0.34240394830703735
3253,2576,2103,0.3423004448413849
3254,2576,762,0.34227147698402405
3255,2576,2835,0.342262864112854
3256,2576,383,0.3422302305698395
3257,2576,2499,0.3421861231327057
3258,2576,2868,0.3421715199947357
3259,2576,719,0.3420691192150116
3260,2576,1214,0.3419433534145355
3261,2576,3396,0.34193888306617737
3262,2576,520,0.3419244885444641
3263,2576,2556,0.34171345829963684
3264,2576,1165,0.3416951894760132
3265,2576,3224,0.3416843116283417
3266,2576,1374,0.34162232279777527
3267,2576,3025,0.34162047505378723
3268,2576,2023,0.3415803909301758
3269,2576,869,0.34157639741897583
3270,2576,2729,0.3415587246417999
3271,2576,414,0.341542512178421
3272,2576,405,0.3414629101753235
3273,2576,1151,0.341420978307724
3274,2576,2803,0.3414129614830017
3275,2576,1363,0.3412967026233673
3276,2576,789,0.34129175543785095
3277,2576,1297,0.34122559428215027
3278,2576,1275,0.34115174412727356
3279,2576,3443,0.3411233127117157
3280,2576,3427,0.34100937843322754
3281,2576,297,0.34095966815948486
3282,2576,1243,0.3409278094768524
3283,2576,632,0.3408815860748291
3284,2576,2058,0.3408377468585968
3285,2576,3571,0.3407394289970398
3286,2576,1689,0.34072014689445496
3287,2576,3038,0.3404705226421356
3288,2576,1572,0.34028342366218567
3289,2576,2517,0.3401811122894287
3290,2576,3392,0.3401696979999542
3291,2576,1700,0.3401636779308319
3292,2576,1132,0.34002044796943665
3293,2576,252,0.339826762676239
3294,2576,2186,0.3397451639175415
3295,2576,90,0.3397439420223236
3296,2576,1976,0.3397012948989868
3297,2576,1318,0.33968526124954224
3298,2576,98,0.3396340608596802
3299,2576,2970,0.3395402729511261
3300,2576,1948,0.33950212597846985
3301,2576,3281,0.33936864137649536
3302,2576,686,0.3393408954143524
3303,2576,2316,0.33931657671928406
3304,2576,3616,0.3392584025859833
3305,2576,2329,0.33921104669570923
3306,2576,1041,0.3391503095626831
3307,2576,1395,0.33910077810287476
3308,2576,266,0.33904215693473816
3309,2576,1992,0.3388909697532654
3310,2576,595,0.3388650715351105
3311,2576,3549,0.3388194441795349
3312,2576,2862,0.3388143479824066
3313,2576,3575,0.33878132700920105
3314,2576,2703,0.33871105313301086
3315,2576,2209,0.3386930525302887
3316,2576,1038,0.33868607878685
3317,2576,1451,0.33866432309150696
3318,2576,540,0.338661789894104
3319,2576,2089,0.33864089846611023
3320,2576,3378,0.33851489424705505
3321,2576,1803,0.33840611577033997
3322,2576,3602,0.3383074104785919
3323,2576,636,0.33828872442245483
3324,2576,219,0.3381994962692261
3325,2576,2717,0.33814340829849243
3326,2576,538,0.3380986452102661
3327,2576,2951,0.3380182683467865
3328,2576,2006,0.3379333019256592
3329,2576,598,0.33791887760162354
3330,2576,3422,0.33789390325546265
3331,2576,672,0.3378652334213257
3332,2576,1044,0.33775022625923157
3333,2576,3265,0.33763235807418823
3334,2576,1940,0.33759787678718567
3335,2576,1176,0.33757779002189636
3336,2576,1997,0.3374919891357422
3337,2576,1702,0.33744218945503235
3338,2576,645,0.3372090756893158
3339,2576,1901,0.33720341324806213
3340,2576,258,0.3371889889240265
3341,2576,2860,0.33716025948524475
3342,2576,1170,0.33711135387420654
3343,2576,1094,0.3369698226451874
3344,2576,2472,0.33691588044166565
3345,2576,2972,0.3367981016635895
3346,2576,280,0.33676499128341675
3347,2576,651,0.3366715610027313
3348,2576,166,0.33663222193717957
3349,2576,2847,0.3366221487522125
3350,2576,2501,0.336502343416214
3351,2576,2985,0.33639368414878845
3352,2576,3547,0.3363665044307709
3353,2576,273,0.33632734417915344
3354,2576,2836,0.33630502223968506
3355,2576,1615,0.3362928628921509
3356,2576,871,0.336267352104187
3357,2576,1462,0.3361775875091553
3358,2576,3429,0.3361186683177948
3359,2576,3006,0.3360123336315155
3360,2576,2198,0.33594435453414917
3361,2576,3067,0.3359402120113373
3362,2576,3062,0.3359296917915344
3363,2576,596,0.3359237611293793
3364,2576,1576,0.33588141202926636
3365,2576,118,0.3358519673347473
3366,2576,1674,0.33560702204704285
3367,2576,2151,0.33541667461395264
3368,2576,1254,0.33539310097694397
3369,2576,36,0.3353601098060608
3370,2576,3032,0.33531296253204346
3371,2576,1606,0.33513137698173523
3372,2576,1073,0.33493372797966003
3373,2576,2202,0.33489173650741577
3374,2576,1682,0.33475634455680847
3375,2576,1937,0.3347369432449341
3376,2576,2726,0.33467915654182434
3377,2576,3189,0.33455610275268555
3378,2576,1891,0.3345426917076111
3379,2576,2169,0.33451172709465027
3380,2576,1351,0.3344508707523346
3381,2576,642,0.33433279395103455
3382,2576,1673,0.33428895473480225
3383,2576,1031,0.3342716693878174
3384,2576,2796,0.3341616094112396
3385,2576,831,0.33404672145843506
3386,2576,676,0.33401960134506226
3387,2576,1228,0.3338676393032074
3388,2576,3042,0.33381888270378113
3389,2576,2121,0.3337610960006714
3390,2576,2607,0.33353033661842346
3391,2576,2320,0.333439439535141
3392,2576,2986,0.333422988653183
3393,2576,2782,0.33341243863105774
3394,2576,1857,0.3332824409008026
3395,2576,1636,0.3332758843898773
3396,2576,603,0.3332218527793884
3397,2576,2674,0.33316460251808167
3398,2576,448,0.33315423130989075
3399,2576,842,0.3330151438713074
3400,2576,2347,0.33300089836120605
3401,2576,2513,0.3329750895500183
3402,2576,3087,0.3328990638256073
3403,2576,799,0.33287736773490906
3404,2576,1207,0.3328542709350586
3405,2576,1115,0.3327278792858124
3406,2576,1179,0.33262521028518677
3407,2576,2191,0.3325594663619995
3408,2576,534,0.3324827253818512
3409,2576,276,0.33242738246917725
3410,2576,3401,0.3323848247528076
3411,2576,2317,0.3323839604854584
3412,2576,3450,0.3322948217391968
3413,2576,2160,0.3321468234062195
3414,2576,1400,0.3321303427219391
3415,2576,3437,0.33211925625801086
3416,2576,536,0.33211860060691833
3417,2576,2775,0.3320450484752655
3418,2576,2619,0.33203160762786865
3419,2576,2906,0.3319776952266693
3420,2576,543,0.3319579064846039
3421,2576,2199,0.33195194602012634
3422,2576,2192,0.33193814754486084
3423,2576,1729,0.3319169282913208
3424,2576,2161,0.33186623454093933
3425,2576,3270,0.331786572933197
3426,2576,2484,0.33171799778938293
3427,2576,2509,0.33163389563560486
3428,2576,3200,0.3315509557723999
3429,2576,3543,0.33134323358535767
3430,2576,3302,0.3312636911869049
3431,2576,599,0.33123093843460083
3432,2576,2177,0.3312171399593353
3433,2576,850,0.33120211958885193
3434,2576,2795,0.3310319185256958
3435,2576,277,0.3310042917728424
3436,2576,729,0.3309605121612549
3437,2576,805,0.33085551857948303
3438,2576,767,0.33071407675743103
3439,2576,837,0.3306076228618622
3440,2576,105,0.33054229617118835
3441,2576,2511,0.3304688036441803
3442,2576,329,0.3303261399269104
3443,2576,8,0.330281525850296
3444,2576,565,0.33006763458251953
3445,2576,1444,0.32998213171958923
3446,2576,1147,0.3299674093723297
3447,2576,1722,0.32988786697387695
3448,2576,2117,0.32982203364372253
3449,2576,1114,0.3295794129371643
3450,2576,1274,0.3295532166957855
3451,2576,1109,0.3293367028236389
3452,2576,2746,0.3293319642543793
3453,2576,3393,0.3291781544685364
3454,2576,3213,0.32914093136787415
3455,2576,2696,0.3290974199771881
3456,2576,3383,0.3289227783679962
3457,2576,1160,0.3288975954055786
3458,2576,2086,0.32885095477104187
3459,2576,3542,0.32882681488990784
3460,2576,770,0.3287689983844757
3461,2576,812,0.3285720944404602
3462,2576,2678,0.328359454870224
3463,2576,1201,0.3283352553844452
3464,2576,3413,0.32833126187324524
3465,2576,3075,0.32833102345466614
3466,2576,2468,0.32799777388572693
3467,2576,2518,0.3278270959854126
3468,2576,648,0.3275009095668793
3469,2576,3212,0.32742026448249817
3470,2576,3237,0.327375203371048
3471,2576,82,0.32734715938568115
3472,2576,1136,0.3273389935493469
3473,2576,677,0.32728877663612366
3474,2576,2701,0.32696324586868286
3475,2576,2304,0.3268794119358063
3476,2576,637,0.3268778324127197
3477,2576,1347,0.32673531770706177
3478,2576,2950,0.32672324776649475
3479,2576,376,0.32662615180015564
3480,2576,2346,0.32659828662872314
3481,2576,1607,0.32628923654556274
3482,2576,727,0.32620856165885925
3483,2576,3299,0.3262040615081787
3484,2576,1263,0.32619503140449524
3485,2576,1250,0.3257579207420349
3486,2576,2698,0.32545530796051025
3487,2576,1112,0.32543233036994934
3488,2576,1693,0.3253597617149353
3489,2576,367,0.32528215646743774
3490,2576,2343,0.3252110779285431
3491,2576,1827,0.32502683997154236
3492,2576,1807,0.3249266445636749
3493,2576,2074,0.3247022032737732
3494,2576,2474,0.3246171474456787
3495,2576,3506,0.3244207799434662
3496,2576,2927,0.3243921995162964
3497,2576,824,0.32434406876564026
3498,2576,1093,0.324214369058609
3499,2576,1943,0.3240002393722534
3500,2576,2007,0.32396337389945984
3501,2576,735,0.3238031566143036
3502,2576,2555,0.3237431049346924
3503,2576,3074,0.32335996627807617
3504,2576,3055,0.32324501872062683
3505,2576,2762,0.32286807894706726
3506,2576,391,0.32277241349220276
3507,2576,2872,0.3226877748966217
3508,2576,2339,0.32268452644348145
3509,2576,1252,0.32262417674064636
3510,2576,1591,0.32260191440582275
3511,2576,227,0.32252582907676697
3512,2576,1877,0.3223232924938202
3513,2576,830,0.3221280574798584
3514,2576,1429,0.322010338306427
3515,2576,1631,0.3219694495201111
3516,2576,1068,0.3217039704322815
3517,2576,2991,0.32159996032714844
3518,2576,819,0.32120463252067566
3519,2576,1725,0.3210875391960144
3520,2576,1991,0.32098639011383057
3521,2576,251,0.32094424962997437
3522,2576,2562,0.32087939977645874
3523,2576,1927,0.32086533308029175
3524,2576,1240,0.3206212520599365
3525,2576,2774,0.32046350836753845
3526,2576,2353,0.3200306296348572
3527,2576,1182,0.32001203298568726
3528,2576,3063,0.31998270750045776
3529,2576,1884,0.31984442472457886
3530,2576,1493,0.3197174072265625
3531,2576,1039,0.31969907879829407
3532,2576,1622,0.3196060359477997
3533,2576,2964,0.31951770186424255
3534,2576,3512,0.31935206055641174
3535,2576,1205,0.3189528286457062
3536,2576,3251,0.3188657760620117
3537,2576,1899,0.31860584020614624
3538,2576,1910,0.3184449374675751
3539,2576,289,0.3183148205280304
3540,2576,3352,0.3180696368217468
3541,2576,2857,0.3178650736808777
3542,2576,3408,0.3178379535675049
3543,2576,1120,0.3176102638244629
3544,2576,3230,0.317502498626709
3545,2576,659,0.3171161413192749
3546,2576,3142,0.3169902265071869
3547,2576,1266,0.31650981307029724
3548,2576,93,0.3163822591304779
3549,2576,708,0.3162330389022827
3550,2576,1823,0.31606584787368774
3551,2576,2182,0.3158870339393616
3552,2576,3020,0.3158651888370514
3553,2576,3250,0.31578338146209717
3554,2576,3093,0.3157234787940979
3555,2576,2325,0.3155525326728821
3556,2576,3027,0.31519144773483276
3557,2576,2129,0.3149799406528473
3558,2576,382,0.3148510456085205
3559,2576,2181,0.3144978880882263
3560,2576,1270,0.31419897079467773
3561,2576,609,0.31414052844047546
3562,2576,3432,0.3137072026729584
3563,2576,845,0.3135887682437897
3564,2576,2673,0.3134251832962036
3565,2576,1286,0.313374787569046
3566,2576,2495,0.3133564293384552
3567,2576,838,0.31332162022590637
3568,2576,584,0.31324589252471924
3569,2576,2142,0.3127375543117523
3570,2576,494,0.31271687150001526
3571,2576,525,0.312448650598526
3572,2576,336,0.3123655617237091
3573,2576,449,0.3123347759246826
3574,2576,3041,0.31224051117897034
3575,2576,404,0.31218221783638
3576,2576,2306,0.3119054138660431
3577,2576,1619,0.3117096424102783
3578,2576,1233,0.3116757571697235
3579,2576,368,0.31163862347602844
3580,2576,2822,0.3116331994533539
3581,2576,3495,0.31161320209503174
3582,2576,570,0.3115455210208893
3583,2576,1279,0.31149718165397644
3584,2576,2618,0.311192125082016
3585,2576,1113,0.31092312932014465
3586,2576,3179,0.310538649559021
3587,2576,482,0.3099417984485626
3588,2576,1926,0.30906277894973755
3589,2576,2226,0.3089604675769806
3590,2576,3279,0.30879801511764526
3591,2576,1090,0.308478981256485
3592,2576,2551,0.30810850858688354
3593,2576,2321,0.3080434799194336
3594,2576,1269,0.30766767263412476
3595,2576,552,0.307491272687912
3596,2576,1229,0.3067646026611328
3597,2576,2105,0.30629557371139526
3598,2576,1707,0.3062809407711029
3599,2576,3247,0.30608007311820984
3600,2576,2558,0.3058098554611206
3601,2576,2147,0.30561673641204834
3602,2576,3053,0.3055807054042816
3603,2576,1932,0.30552271008491516
3604,2576,548,0.30505263805389404
3605,2576,683,0.3045475482940674
3606,2576,3634,0.30439111590385437
3607,2576,2174,0.30424022674560547
3608,2576,905,0.30415967106819153
3609,2576,3424,0.30398106575012207
3610,2576,3491,0.30370020866394043
3611,2576,2133,0.3030852973461151
3612,2576,1267,0.3027021884918213
3613,2576,1982,0.3026590347290039
3614,2576,1253,0.3025176227092743
3615,2576,3409,0.30220457911491394
3616,2576,2120,0.30216819047927856
3617,2576,1362,0.3019375801086426
3618,2576,1110,0.30183398723602295
3619,2576,1905,0.3016217052936554
3620,2576,546,0.3013557493686676
3621,2576,2749,0.30122992396354675
3622,2576,333,0.3008069097995758
3623,2576,256,0.3003906011581421
3624,2576,1262,0.30036184191703796
3625,2576,2469,0.30007204413414
3626,2576,2676,0.2997315526008606
3627,2576,547,0.299477756023407
3628,2576,1863,0.2987455427646637
3629,2576,57,0.2981216013431549
3630,2576,3252,0.2978518307209015
3631,2576,292,0.29705366492271423
3632,2576,2118,0.29689550399780273
3633,2576,1401,0.2962089478969574
3634,2576,1482,0.2951766550540924
3635,2576,1577,0.2942847013473511
3636,2576,688,0.2919655442237854
3637,2576,1999,0.2917443811893463
3638,2576,3431,0.29073476791381836
3639,2576,1436,0.29067710041999817
3640,2576,516,0.2895313799381256
3641,2576,103,0.2885359823703766
3642,2576,3241,0.28809452056884766
3643,2576,526,0.2870199382305145
3644,2576,2383,0.2839335799217224
3645,2576,721,0.28109803795814514
3646,2576,1784,0.279266357421875
3647,2576,67,0.2775005102157593
3648,2576,1234,0.2745257019996643
3649,2576,3253,0.27044227719306946
3650,2576,605,0.2701149880886078
3651,2576,2747,0.26090261340141296
3652,2576,2459,0.26060372591018677
3653,2576,2436,0.2601930499076843
3654,2576,77,0.2591949999332428
3655,2576,102,0.23905298113822937
3656,2576,820,0.22914782166481018
