,similarity,prod_num
0,0.9999998807907104,310
1,0.6837199330329895,388
2,0.6608124375343323,1042
3,0.6525716185569763,969
4,0.6418446898460388,429
5,0.639431357383728,970
6,0.6372426152229309,1045
7,0.6356692314147949,1305
8,0.6351563930511475,165
9,0.634817898273468,332
10,0.6260060667991638,323
11,0.6251828074455261,1451
12,0.6251308917999268,468
13,0.6225424408912659,723
14,0.6218345761299133,1253
15,0.6203276515007019,791
16,0.6197552680969238,1405
17,0.6180633306503296,418
18,0.6175191402435303,172
19,0.6137762665748596,1397
20,0.613389253616333,1175
21,0.611745297908783,1013
22,0.6095031499862671,422
23,0.6086158752441406,991
24,0.6079911589622498,829
25,0.6077322363853455,280
26,0.607316255569458,146
27,0.606453001499176,1039
28,0.6035540699958801,503
29,0.6032828688621521,1137
30,0.6018115282058716,1313
31,0.6016389727592468,1256
32,0.6013674139976501,747
33,0.6009836196899414,209
34,0.5992739796638489,1046
35,0.5978943705558777,222
36,0.5966230630874634,475
37,0.5964234471321106,595
38,0.5958603620529175,668
39,0.5951870083808899,543
40,0.5949093103408813,317
41,0.5942249298095703,423
42,0.5916652679443359,452
43,0.5912058353424072,270
44,0.5894171595573425,185
45,0.586866021156311,827
46,0.5855745077133179,530
47,0.5849299430847168,1306
48,0.5844117403030396,1097
49,0.5839520692825317,419
50,0.5822619199752808,556
51,0.5813419818878174,891
52,0.5812932252883911,1051
53,0.5809599161148071,1000
54,0.5809216499328613,996
55,0.5801984071731567,642
56,0.579640805721283,339
57,0.5793560743331909,632
58,0.5781218409538269,994
59,0.5778756737709045,278
60,0.5765948295593262,334
61,0.5756992101669312,372
62,0.5741021633148193,1094
63,0.5739174485206604,861
64,0.573383629322052,56
65,0.5733315944671631,1061
66,0.5732115507125854,840
67,0.572787344455719,474
68,0.5727696418762207,393
69,0.5724133849143982,301
70,0.5719642043113708,354
71,0.5711216926574707,403
72,0.5707906484603882,1098
73,0.5706397294998169,258
74,0.5692098140716553,647
75,0.5690865516662598,667
76,0.5686304569244385,271
77,0.5682443380355835,1433
78,0.5679107308387756,476
79,0.5662592053413391,282
80,0.5658966898918152,538
81,0.5658506155014038,1050
82,0.5655912160873413,463
83,0.565510630607605,322
84,0.5646815896034241,495
85,0.5644426941871643,1085
86,0.5644306540489197,421
87,0.5640676617622375,17
88,0.5640201568603516,958
89,0.5639862418174744,302
90,0.5639626979827881,641
91,0.5636700391769409,965
92,0.5632103681564331,291
93,0.561867892742157,1162
94,0.5616214275360107,1124
95,0.5614001154899597,293
96,0.5613988637924194,1449
97,0.5612850785255432,501
98,0.5611402988433838,508
99,0.5610350966453552,860
100,0.56097412109375,406
101,0.5608183145523071,811
102,0.5606985688209534,226
103,0.5598792433738708,473
104,0.5598646402359009,326
105,0.5596882700920105,1445
106,0.559675931930542,824
107,0.5593728423118591,131
108,0.5591251850128174,1144
109,0.558923065662384,901
110,0.5587713122367859,574
111,0.558374285697937,500
112,0.5578834414482117,645
113,0.5565183162689209,450
114,0.5560886263847351,832
115,0.556013286113739,425
116,0.5558858513832092,482
117,0.5556889772415161,1165
118,0.5555699467658997,634
119,0.5554071664810181,313
120,0.5552255511283875,995
121,0.555118978023529,1289
122,0.5549768805503845,465
123,0.5546287298202515,837
124,0.5545732975006104,179
125,0.5544863343238831,907
126,0.5539882779121399,1431
127,0.5539537072181702,821
128,0.5537105202674866,181
129,0.5526153445243835,591
130,0.5521652102470398,457
131,0.5520288348197937,223
132,0.5516725182533264,823
133,0.551575243473053,275
134,0.551499605178833,1250
135,0.5511907339096069,1103
136,0.5507507920265198,1435
137,0.5506115555763245,869
138,0.5500802397727966,1049
139,0.5500243306159973,1403
140,0.5498549342155457,826
141,0.5492996573448181,1387
142,0.5489732027053833,903
143,0.5483245849609375,834
144,0.5481945276260376,977
145,0.5477943420410156,592
146,0.5477933287620544,578
147,0.5469680428504944,219
148,0.5464249849319458,441
149,0.5462840795516968,166
150,0.545958399772644,1044
151,0.5441943407058716,479
152,0.5440110564231873,299
153,0.5435470938682556,1093
154,0.5435454845428467,148
155,0.5434617400169373,1048
156,0.5433611869812012,897
157,0.5432595610618591,1054
158,0.5430206656455994,1057
159,0.5429667234420776,1072
160,0.5426995158195496,870
161,0.5421252250671387,256
162,0.5420628190040588,833
163,0.5419451594352722,1062
164,0.5414970517158508,155
165,0.5414661169052124,283
166,0.5410588383674622,1411
167,0.5407136082649231,488
168,0.5406998991966248,1047
169,0.540327787399292,284
170,0.5402889847755432,373
171,0.5401350855827332,986
172,0.5399394631385803,583
173,0.5396540760993958,809
174,0.5394112467765808,330
175,0.5384543538093567,835
176,0.5384482145309448,3
177,0.5383769273757935,509
178,0.538356602191925,163
179,0.5379011631011963,512
180,0.5378386974334717,432
181,0.5377668738365173,807
182,0.5371415019035339,510
183,0.5370868444442749,436
184,0.5369908213615417,1197
185,0.5369733572006226,235
186,0.5368793606758118,899
187,0.5360819101333618,579
188,0.5358431339263916,447
189,0.5357563495635986,898
190,0.535499632358551,896
191,0.5353744626045227,491
192,0.5350867509841919,838
193,0.5350475907325745,266
194,0.5345089435577393,1145
195,0.5341514348983765,413
196,0.5338132381439209,858
197,0.5336453914642334,460
198,0.5334389209747314,804
199,0.5331823825836182,966
200,0.5329408049583435,191
201,0.5327596664428711,499
202,0.5325649976730347,1126
203,0.5323855876922607,376
204,0.5317853093147278,1060
205,0.5316480994224548,462
206,0.5315274596214294,1257
207,0.5313861966133118,526
208,0.531345009803772,515
209,0.5312755107879639,916
210,0.5311785340309143,305
211,0.5311610102653503,853
212,0.5309032201766968,1378
213,0.5302860140800476,863
214,0.5296378135681152,187
215,0.5295484662055969,321
216,0.529410183429718,458
217,0.5292932987213135,841
218,0.5292263627052307,820
219,0.5285842418670654,878
220,0.5283697247505188,698
221,0.528134822845459,490
222,0.5281327962875366,158
223,0.5280722379684448,990
224,0.5280031561851501,815
225,0.5278449058532715,803
226,0.5272114872932434,1003
227,0.5268554091453552,464
228,0.5265364050865173,204
229,0.5263650417327881,1078
230,0.5260339379310608,249
231,0.5259569883346558,839
232,0.5256237983703613,527
233,0.525340735912323,1442
234,0.5251944065093994,1415
235,0.5242241621017456,383
236,0.5239112377166748,1390
237,0.5236350893974304,749
238,0.5236276984214783,1052
239,0.5235774517059326,1407
240,0.523552656173706,195
241,0.5235499739646912,493
242,0.5235171914100647,2
243,0.5233887434005737,542
244,0.5233430862426758,467
245,0.523163378238678,274
246,0.5230845808982849,1395
247,0.5226926207542419,1102
248,0.5226386189460754,1371
249,0.5223715305328369,1024
250,0.522255539894104,673
251,0.5221420526504517,1436
252,0.5215521454811096,1146
253,0.5213391184806824,630
254,0.5213391184806824,602
255,0.5205545425415039,864
256,0.5202720761299133,1274
257,0.5202080607414246,1231
258,0.5199931859970093,1019
259,0.5197427868843079,1450
260,0.5196083188056946,1075
261,0.519079327583313,828
262,0.5189201831817627,1135
263,0.518746018409729,859
264,0.5186524987220764,1417
265,0.518645703792572,638
266,0.5185596942901611,480
267,0.5185354948043823,1441
268,0.5182675719261169,744
269,0.5181586146354675,968
270,0.5179342031478882,1440
271,0.5178903937339783,1413
272,0.5178202390670776,1373
273,0.5177068710327148,1303
274,0.51752108335495,1318
275,0.5173916816711426,1027
276,0.5157464146614075,200
277,0.515338122844696,1324
278,0.5153359770774841,120
279,0.515241265296936,1339
280,0.5146266222000122,329
281,0.5145151615142822,893
282,0.5142962336540222,618
283,0.5142885446548462,885
284,0.5142045021057129,1001
285,0.5139350891113281,963
286,0.5137261152267456,507
287,0.5130930542945862,1444
288,0.5130507946014404,353
289,0.5129380822181702,884
290,0.5128217339515686,1374
291,0.5128094553947449,511
292,0.5126314759254456,483
293,0.5125989317893982,1090
294,0.5124229192733765,1161
295,0.5122106075286865,292
296,0.5121933221817017,633
297,0.5115005970001221,1394
298,0.5114543437957764,890
299,0.5111448168754578,536
300,0.5110526084899902,957
301,0.5109763741493225,617
302,0.510968029499054,999
303,0.5107809901237488,1196
304,0.5107412934303284,1140
305,0.5105811953544617,1315
306,0.5105043649673462,979
307,0.5104339122772217,851
308,0.5099977254867554,589
309,0.5096755027770996,1005
310,0.509645938873291,188
311,0.5094634294509888,1109
312,0.5094434022903442,433
313,0.5094014406204224,1111
314,0.5091556906700134,314
315,0.5087375044822693,498
316,0.5085402131080627,1419
317,0.5080317854881287,942
318,0.5078986883163452,1222
319,0.5078821778297424,360
320,0.5078133940696716,806
321,0.5076988339424133,1383
322,0.5075423717498779,971
323,0.5074861645698547,936
324,0.5074643492698669,549
325,0.5072885155677795,1402
326,0.5069922804832458,1021
327,0.5065768957138062,141
328,0.5065498948097229,505
329,0.5064951777458191,1016
330,0.5064427852630615,245
331,0.5064296126365662,1319
332,0.5062226057052612,143
333,0.5060547590255737,1382
334,0.5059316158294678,472
335,0.5058560371398926,485
336,0.5058115720748901,1350
337,0.505387544631958,555
338,0.5052428245544434,836
339,0.5051736831665039,1190
340,0.5050352215766907,944
341,0.5049180388450623,492
342,0.5048978328704834,1017
343,0.5048015117645264,208
344,0.504683792591095,438
345,0.5044506788253784,514
346,0.5040954351425171,206
347,0.5039428472518921,1138
348,0.503879189491272,1367
349,0.5038195252418518,1347
350,0.5037293434143066,938
351,0.5036356449127197,38
352,0.5034523606300354,344
353,0.5034040808677673,855
354,0.5031877756118774,817
355,0.502808153629303,847
356,0.5024571418762207,1356
357,0.5019667148590088,922
358,0.5016694664955139,459
359,0.5016260743141174,763
360,0.5014775395393372,805
361,0.5014626383781433,1348
362,0.5014320611953735,409
363,0.5013502836227417,401
364,0.5010887980461121,303
365,0.5008366703987122,455
366,0.5008216500282288,652
367,0.5008216500282288,650
368,0.500776469707489,33
369,0.500560462474823,306
370,0.500443696975708,1363
371,0.5002878308296204,387
372,0.5002508759498596,1168
373,0.5001936554908752,1063
374,0.5001310110092163,251
375,0.5000996589660645,1321
376,0.49993982911109924,746
377,0.49989837408065796,663
378,0.4998070001602173,1362
379,0.4996761679649353,577
380,0.49945423007011414,481
381,0.4994332790374756,689
382,0.49928489327430725,972
383,0.49926674365997314,1108
384,0.49897661805152893,1207
385,0.4988356828689575,1391
386,0.498812198638916,1095
387,0.49874502420425415,648
388,0.4986695945262909,212
389,0.49855226278305054,257
390,0.4981926381587982,489
391,0.4980386793613434,1366
392,0.49802958965301514,470
393,0.49791190028190613,962
394,0.49762722849845886,431
395,0.49760666489601135,1055
396,0.4976039230823517,1087
397,0.49751734733581543,156
398,0.4974660575389862,1438
399,0.4973752498626709,366
400,0.4967731833457947,1073
401,0.4963081479072571,153
402,0.4960346519947052,935
403,0.4958955943584442,984
404,0.4954463541507721,1136
405,0.4953565299510956,1220
406,0.4951833188533783,149
407,0.4949745535850525,404
408,0.49492332339286804,420
409,0.49491405487060547,941
410,0.49470579624176025,671
411,0.49439242482185364,1447
412,0.4942445755004883,889
413,0.4942299723625183,639
414,0.49375155568122864,1158
415,0.4933874309062958,640
416,0.4931841194629669,580
417,0.49310851097106934,1301
418,0.4926290512084961,825
419,0.49255895614624023,1376
420,0.49255746603012085,253
421,0.4925369918346405,605
422,0.49215665459632874,1172
423,0.49201542139053345,822
424,0.4918557107448578,1423
425,0.49178794026374817,1076
426,0.4915895462036133,448
427,0.4915786683559418,169
428,0.49126577377319336,162
429,0.4912617802619934,606
430,0.49119192361831665,1425
431,0.4910992681980133,1332
432,0.4910680949687958,1128
433,0.49089664220809937,955
434,0.4908559024333954,1147
435,0.4907935857772827,338
436,0.49059274792671204,1153
437,0.4905519485473633,1206
438,0.49018582701683044,1388
439,0.48983633518218994,118
440,0.4897156059741974,221
441,0.4896741807460785,296
442,0.4896320104598999,646
443,0.48927634954452515,1323
444,0.4892502725124359,254
445,0.4892210364341736,90
446,0.48907706141471863,738
447,0.4890153706073761,865
448,0.4890100657939911,1331
449,0.48883917927742004,331
450,0.4888313412666321,252
451,0.4888153672218323,1330
452,0.488772988319397,937
453,0.4886489808559418,819
454,0.48861706256866455,1375
455,0.48849254846572876,1059
456,0.48837825655937195,953
457,0.4882952570915222,1336
458,0.488140732049942,775
459,0.48812568187713623,392
460,0.4880637526512146,850
461,0.4877898097038269,1316
462,0.48771175742149353,956
463,0.4875936806201935,964
464,0.4872223734855652,1166
465,0.4872087836265564,1353
466,0.4870995581150055,484
467,0.4868788421154022,1252
468,0.48661285638809204,565
469,0.4861568808555603,269
470,0.4860173761844635,298
471,0.4854389429092407,919
472,0.4851779341697693,940
473,0.4850636422634125,519
474,0.48464423418045044,1077
475,0.4842927157878876,1408
476,0.4841013252735138,751
477,0.4840673506259918,743
478,0.483971506357193,1261
479,0.48384812474250793,368
480,0.48374074697494507,1280
481,0.48370328545570374,1036
482,0.48361900448799133,905
483,0.48351678252220154,629
484,0.48345819115638733,1213
485,0.4833955466747284,1080
486,0.4831562638282776,1365
487,0.4831492006778717,1434
488,0.48277878761291504,1035
489,0.48268988728523254,1034
490,0.48265451192855835,1177
491,0.48253265023231506,888
492,0.4824965000152588,504
493,0.48205599188804626,892
494,0.48198115825653076,205
495,0.48176315426826477,449
496,0.4817192256450653,720
497,0.4811360538005829,168
498,0.4811074137687683,1012
499,0.4810742139816284,1065
500,0.48100966215133667,1317
501,0.48085102438926697,1149
502,0.4807761609554291,1304
503,0.48048752546310425,267
504,0.4804205596446991,883
505,0.48025381565093994,1401
506,0.4798188805580139,1106
507,0.4798082411289215,541
508,0.47951048612594604,1320
509,0.47948595881462097,328
510,0.47926175594329834,236
511,0.4790054261684418,1092
512,0.47888749837875366,1110
513,0.478788286447525,766
514,0.4787761867046356,1309
515,0.47863131761550903,920
516,0.4786187410354614,400
517,0.4783887565135956,975
518,0.4783019721508026,1358
519,0.47824662923812866,300
520,0.47789129614830017,494
521,0.4777902066707611,182
522,0.4777463972568512,45
523,0.4777200520038605,1084
524,0.4774230718612671,161
525,0.4768618047237396,785
526,0.4767819941043854,316
527,0.4765755832195282,1230
528,0.4765157699584961,325
529,0.47624289989471436,952
530,0.476201593875885,416
531,0.47591620683670044,320
532,0.47582367062568665,1164
533,0.4757864475250244,900
534,0.4755644202232361,1357
535,0.4755159020423889,537
536,0.4755156338214874,1141
537,0.4751978814601898,456
538,0.4751187860965729,199
539,0.4750954508781433,1115
540,0.4750068485736847,1171
541,0.47485747933387756,1233
542,0.4747796952724457,1299
543,0.4746277630329132,548
544,0.47441762685775757,879
545,0.47428470849990845,1437
546,0.47404056787490845,939
547,0.47342729568481445,1029
548,0.4732779264450073,993
549,0.47321072220802307,566
550,0.4727809429168701,1067
551,0.4727290868759155,866
552,0.47232627868652344,347
553,0.47223764657974243,781
554,0.4720715284347534,1282
555,0.4718320071697235,1346
556,0.47156909108161926,1056
557,0.4714643061161041,513
558,0.4713471531867981,1249
559,0.4711354076862335,1157
560,0.4710257351398468,1031
561,0.47101637721061707,728
562,0.4707818031311035,1412
563,0.4705686569213867,696
564,0.47055476903915405,997
565,0.47049108147621155,471
566,0.4699086844921112,660
567,0.46973931789398193,533
568,0.46943968534469604,1082
569,0.46939483284950256,98
570,0.46939295530319214,1030
571,0.46935394406318665,773
572,0.4692728519439697,5
573,0.469189316034317,573
574,0.4691358208656311,1123
575,0.4686717391014099,658
576,0.4686412811279297,862
577,0.4683629274368286,563
578,0.4681967794895172,948
579,0.46818026900291443,1255
580,0.4681429862976074,967
581,0.4680822193622589,1333
582,0.4680733382701874,230
583,0.4680362641811371,359
584,0.46802592277526855,1113
585,0.46794065833091736,857
586,0.4679192900657654,554
587,0.46783939003944397,1262
588,0.4677991271018982,1101
589,0.46763840317726135,545
590,0.46739616990089417,341
591,0.46695125102996826,417
592,0.4669300615787506,1368
593,0.4666312336921692,268
594,0.4665337800979614,138
595,0.4664354920387268,288
596,0.4663231372833252,122
597,0.4661383330821991,603
598,0.4658600687980652,522
599,0.4657498598098755,1404
600,0.465628981590271,1033
601,0.46506550908088684,1322
602,0.4648135006427765,1380
603,0.4647439122200012,691
604,0.4646470248699188,1211
605,0.46448078751564026,1269
606,0.46445462107658386,1023
607,0.4643546938896179,1426
608,0.46422481536865234,1338
609,0.4641880989074707,921
610,0.46390292048454285,659
611,0.4638949930667877,1125
612,0.4638366997241974,1421
613,0.4633204936981201,998
614,0.46291595697402954,1200
615,0.46288126707077026,1430
616,0.4627474546432495,1370
617,0.462605744600296,1337
618,0.4624280631542206,812
619,0.4620143473148346,540
620,0.46176645159721375,950
621,0.461514949798584,1091
622,0.46146413683891296,342
623,0.46146413683891296,318
624,0.4614386558532715,569
625,0.46139493584632874,1424
626,0.46136173605918884,442
627,0.46127283573150635,761
628,0.4611816108226776,1263
629,0.4608510434627533,790
630,0.46061941981315613,215
631,0.4604168236255646,619
632,0.46033990383148193,34
633,0.4603091776371002,581
634,0.46015527844429016,1340
635,0.46014249324798584,1377
636,0.4600916802883148,1448
637,0.4600512683391571,552
638,0.4599965214729309,1107
639,0.4598541855812073,48
640,0.45976537466049194,636
641,0.45967164635658264,814
642,0.459537535905838,350
643,0.4594520330429077,1236
644,0.4594157040119171,1070
645,0.4591575860977173,309
646,0.4586998224258423,845
647,0.4584946036338806,1266
648,0.45796719193458557,250
649,0.45795387029647827,231
650,0.4579256474971771,386
651,0.457565575838089,478
652,0.45742079615592957,1414
653,0.4574180841445923,1420
654,0.45730695128440857,1272
655,0.4572869539260864,335
656,0.4571913182735443,729
657,0.457158625125885,1443
658,0.4569583833217621,852
659,0.45677074790000916,692
660,0.45670846104621887,1452
661,0.4566749334335327,437
662,0.4560391902923584,225
663,0.4559859335422516,1399
664,0.4558437764644623,1096
665,0.45561936497688293,1364
666,0.45561087131500244,336
667,0.4554595351219177,1354
668,0.4553645849227905,534
669,0.45528677105903625,1212
670,0.45523494482040405,415
671,0.45523425936698914,378
672,0.45466819405555725,1276
673,0.4546268880367279,265
674,0.4545896351337433,516
675,0.45453548431396484,1422
676,0.45448005199432373,1428
677,0.4541439116001129,734
678,0.4540761709213257,1018
679,0.4540259838104248,506
680,0.45393261313438416,741
681,0.45377635955810547,1239
682,0.45366761088371277,1127
683,0.4536290168762207,1014
684,0.45336803793907166,752
685,0.4529971480369568,193
686,0.45289233326911926,830
687,0.452772319316864,1409
688,0.4527345895767212,1349
689,0.45271432399749756,868
690,0.45257267355918884,194
691,0.4524422287940979,682
692,0.4523441195487976,808
693,0.45229485630989075,783
694,0.45160338282585144,290
695,0.451488733291626,81
696,0.45134133100509644,1100
697,0.4512813091278076,152
698,0.45109128952026367,150
699,0.45104697346687317,1007
700,0.45103341341018677,1243
701,0.45081377029418945,1251
702,0.4507121741771698,528
703,0.4506705403327942,1392
704,0.4504927396774292,1182
705,0.45019903779029846,273
706,0.45004087686538696,262
707,0.44976532459259033,1343
708,0.44973888993263245,216
709,0.44973552227020264,259
710,0.4495949447154999,767
711,0.4495512545108795,408
712,0.44952312111854553,564
713,0.44943320751190186,1015
714,0.4493386149406433,1325
715,0.44889137148857117,364
716,0.4486265778541565,846
717,0.44859087467193604,675
718,0.4481559693813324,1335
719,0.44811463356018066,361
720,0.4479440748691559,154
721,0.44749176502227783,1393
722,0.4473961889743805,1369
723,0.44690313935279846,949
724,0.44681835174560547,239
725,0.44659993052482605,1270
726,0.44643571972846985,1105
727,0.4463132917881012,946
728,0.4462307095527649,1179
729,0.446183979511261,627
730,0.4461783468723297,1334
731,0.44606873393058777,7
732,0.44604477286338806,390
733,0.44575703144073486,679
734,0.44571080803871155,1037
735,0.44548988342285156,1342
736,0.4454646408557892,1043
737,0.4451671838760376,539
738,0.4451356530189514,796
739,0.4448871910572052,1116
740,0.4443972408771515,624
741,0.4443788230419159,699
742,0.4442393183708191,218
743,0.44406604766845703,1210
744,0.4440549612045288,1192
745,0.44315677881240845,1117
746,0.4428446292877197,203
747,0.44281378388404846,228
748,0.4428063631057739,104
749,0.4423510730266571,882
750,0.44196489453315735,553
751,0.4416295886039734,140
752,0.44139209389686584,178
753,0.4413679540157318,502
754,0.44104859232902527,35
755,0.4410308599472046,1208
756,0.4409535229206085,232
757,0.44055190682411194,43
758,0.44051414728164673,1069
759,0.44025781750679016,923
760,0.44017311930656433,876
761,0.439981609582901,1160
762,0.43985849618911743,243
763,0.43973270058631897,74
764,0.4395550787448883,1224
765,0.4394943118095398,681
766,0.4389684498310089,346
767,0.43874886631965637,1446
768,0.43863415718078613,261
769,0.43856045603752136,210
770,0.4378405511379242,151
771,0.43778038024902344,558
772,0.43746858835220337,959
773,0.43739020824432373,604
774,0.43729913234710693,924
775,0.43725165724754333,319
776,0.4371579587459564,831
777,0.43693873286247253,871
778,0.4369349479675293,560
779,0.43685096502304077,532
780,0.43657174706459045,721
781,0.4361000657081604,4
782,0.43590736389160156,39
783,0.4353974163532257,244
784,0.4353536069393158,279
785,0.4352884292602539,1328
786,0.43520694971084595,145
787,0.43514081835746765,612
788,0.43514081835746765,609
789,0.4350762367248535,1294
790,0.4350174069404602,1359
791,0.4346863627433777,117
792,0.43458783626556396,1133
793,0.43444710969924927,217
794,0.43442949652671814,982
795,0.434182345867157,1260
796,0.43398886919021606,412
797,0.43382027745246887,1191
798,0.4336013197898865,207
799,0.43349742889404297,590
800,0.43336600065231323,989
801,0.433292955160141,189
802,0.4331260323524475,1225
803,0.432591050863266,1406
804,0.4324222505092621,1229
805,0.43225839734077454,662
806,0.43189021944999695,1131
807,0.431877076625824,1238
808,0.4318733215332031,856
809,0.4316524565219879,1112
810,0.43155932426452637,414
811,0.4315427839756012,784
812,0.43137601017951965,1284
813,0.43108174204826355,54
814,0.4310432970523834,454
815,0.4309571385383606,683
816,0.43080317974090576,358
817,0.430350124835968,1385
818,0.430194616317749,1361
819,0.42989054322242737,1296
820,0.42965105175971985,116
821,0.42944231629371643,63
822,0.4293220043182373,119
823,0.42897099256515503,961
824,0.4289361536502838,960
825,0.4285695254802704,546
826,0.42819851636886597,661
827,0.42782190442085266,572
828,0.42780426144599915,854
829,0.42753908038139343,30
830,0.42745909094810486,440
831,0.4273398816585541,547
832,0.42725369334220886,126
833,0.4272139072418213,1214
834,0.4271557033061981,1002
835,0.42680516839027405,943
836,0.4267589747905731,1086
837,0.42658042907714844,1439
838,0.42643165588378906,1040
839,0.4263736605644226,405
840,0.4263544976711273,461
841,0.42612072825431824,397
842,0.42608344554901123,1020
843,0.4257720410823822,780
844,0.4257681965827942,1181
845,0.4257657527923584,676
846,0.4256669580936432,1386
847,0.42545562982559204,345
848,0.42538344860076904,788
849,0.42505839467048645,1201
850,0.4250372052192688,1379
851,0.42419227957725525,1011
852,0.42396414279937744,1150
853,0.42392081022262573,22
854,0.4238474369049072,800
855,0.42373597621917725,1232
856,0.4235989451408386,771
857,0.4235773980617523,712
858,0.42353686690330505,523
859,0.42352378368377686,142
860,0.4233572781085968,1068
861,0.4233554005622864,1295
862,0.42271846532821655,768
863,0.4227069318294525,68
864,0.42262697219848633,1246
865,0.4226168990135193,385
866,0.42253467440605164,1159
867,0.42242977023124695,726
868,0.42221489548683167,1218
869,0.4221753180027008,760
870,0.42208144068717957,1120
871,0.4220059812068939,1227
872,0.42160964012145996,103
873,0.42144402861595154,992
874,0.4211409091949463,672
875,0.42111214995384216,550
876,0.4209826588630676,1148
877,0.42096108198165894,466
878,0.420712411403656,621
879,0.4205998480319977,742
880,0.42053183913230896,1209
881,0.4205106496810913,733
882,0.4203134775161743,727
883,0.42029592394828796,587
884,0.42029592394828796,586
885,0.42017310857772827,1271
886,0.41996070742607117,1245
887,0.41989144682884216,1058
888,0.41987937688827515,89
889,0.4196246862411499,407
890,0.4191170334815979,520
891,0.41909176111221313,717
892,0.4189055562019348,1119
893,0.4188380837440491,687
894,0.4186614453792572,703
895,0.41819727420806885,987
896,0.4180978238582611,1427
897,0.41777947545051575,758
898,0.4176289141178131,160
899,0.4174785017967224,700
900,0.4174158275127411,255
901,0.41702398657798767,772
902,0.4169822931289673,973
903,0.416838139295578,398
904,0.4166261553764343,1114
905,0.41651710867881775,1292
906,0.41583654284477234,85
907,0.41582226753234863,384
908,0.415242075920105,365
909,0.4147258698940277,1178
910,0.4145277440547943,272
911,0.41429051756858826,375
912,0.413978636264801,980
913,0.41387978196144104,356
914,0.4136165976524353,665
915,0.41361045837402344,1083
916,0.4135083854198456,1154
917,0.4135083854198456,1066
918,0.41339921951293945,127
919,0.41304004192352295,1053
920,0.412894606590271,294
921,0.4127609431743622,756
922,0.41274645924568176,36
923,0.41258272528648376,1118
924,0.4123099744319916,174
925,0.41191065311431885,1240
926,0.4117927849292755,895
927,0.411747545003891,886
928,0.41173872351646423,121
929,0.411257266998291,740
930,0.41124245524406433,295
931,0.41113585233688354,1389
932,0.41102802753448486,1121
933,0.41102075576782227,799
934,0.410861998796463,613
935,0.41080567240715027,1398
936,0.41052788496017456,874
937,0.4104759097099304,849
938,0.410475492477417,439
939,0.41019222140312195,80
940,0.4101278483867645,1219
941,0.4097282290458679,374
942,0.4094051122665405,765
943,0.40920591354370117,1277
944,0.4084470570087433,50
945,0.40823763608932495,113
946,0.4080885350704193,731
947,0.40782201290130615,525
948,0.40770819783210754,18
949,0.40702587366104126,813
950,0.40698662400245667,544
951,0.4068487584590912,1008
952,0.4067445397377014,798
953,0.40672579407691956,926
954,0.40669095516204834,1311
955,0.40644893050193787,844
956,0.4063386917114258,362
957,0.40631985664367676,42
958,0.40628355741500854,1193
959,0.4060514569282532,588
960,0.4060514569282532,585
961,0.4060514569282532,584
962,0.4056227505207062,570
963,0.40530210733413696,928
964,0.40516212582588196,988
965,0.40483400225639343,867
966,0.40472695231437683,497
967,0.4046267867088318,1285
968,0.4046150743961334,1194
969,0.404608815908432,1297
970,0.40435463190078735,690
971,0.4041822552680969,469
972,0.40398091077804565,1009
973,0.40389546751976013,133
974,0.40388521552085876,285
975,0.4037913382053375,202
976,0.4036914110183716,1410
977,0.40348634123802185,736
978,0.40348634123802185,735
979,0.4030924439430237,875
980,0.4027460515499115,725
981,0.40273386240005493,842
982,0.4024232029914856,754
983,0.4024231433868408,411
984,0.40232372283935547,307
985,0.402264267206192,57
986,0.402255117893219,94
987,0.40216174721717834,37
988,0.40213629603385925,157
989,0.40211594104766846,715
990,0.4018460810184479,848
991,0.40177613496780396,954
992,0.40177103877067566,1143
993,0.4015336334705353,1381
994,0.40139564871788025,951
995,0.4009729027748108,234
996,0.40039584040641785,913
997,0.40026015043258667,1088
998,0.40025708079338074,656
999,0.3996100425720215,40
1000,0.39960283041000366,111
1001,0.3995819389820099,247
1002,0.3995654582977295,908
1003,0.39935970306396484,1291
1004,0.3992125391960144,1081
1005,0.39915233850479126,1275
1006,0.3991355895996094,666
1007,0.39906933903694153,704
1008,0.39904502034187317,1215
1009,0.3989877998828888,1418
1010,0.39840662479400635,1268
1011,0.39839091897010803,777
1012,0.39818552136421204,477
1013,0.3978043794631958,635
1014,0.39765918254852295,1273
1015,0.39753517508506775,981
1016,0.39739009737968445,930
1017,0.39737626910209656,643
1018,0.3972300589084625,129
1019,0.39720582962036133,402
1020,0.3968690037727356,615
1021,0.3967827558517456,84
1022,0.3964281380176544,1258
1023,0.39638450741767883,610
1024,0.39635834097862244,653
1025,0.3963293731212616,575
1026,0.39632222056388855,1216
1027,0.39623257517814636,608
1028,0.39623257517814636,607
1029,0.3961217999458313,750
1030,0.3960672616958618,1074
1031,0.39604857563972473,1022
1032,0.3959657549858093,164
1033,0.3958943784236908,487
1034,0.39581212401390076,1400
1035,0.39572975039482117,99
1036,0.3955405354499817,1329
1037,0.3953354060649872,571
1038,0.3949938118457794,1278
1039,0.3949640095233917,427
1040,0.3948698043823242,324
1041,0.39460426568984985,237
1042,0.3944602608680725,355
1043,0.39425966143608093,444
1044,0.39421796798706055,108
1045,0.394095242023468,304
1046,0.39391428232192993,739
1047,0.39387932419776917,349
1048,0.3934442102909088,190
1049,0.39319294691085815,686
1050,0.39279696345329285,947
1051,0.3925684094429016,794
1052,0.39226317405700684,198
1053,0.3922520577907562,927
1054,0.3921513259410858,654
1055,0.3917243778705597,843
1056,0.3916167914867401,818
1057,0.39108434319496155,774
1058,0.39087438583374023,626
1059,0.39085134863853455,1287
1060,0.3905782103538513,677
1061,0.390193372964859,1345
1062,0.39012283086776733,974
1063,0.38992592692375183,227
1064,0.38981059193611145,616
1065,0.3897872865200043,109
1066,0.3896258473396301,53
1067,0.38935574889183044,167
1068,0.3892620801925659,710
1069,0.3890739381313324,917
1070,0.38900890946388245,976
1071,0.3889698386192322,1341
1072,0.388942688703537,1163
1073,0.3889184594154358,718
1074,0.3888913691043854,664
1075,0.3888072073459625,810
1076,0.3886839747428894,369
1077,0.3884556293487549,224
1078,0.38842013478279114,137
1079,0.38821202516555786,535
1080,0.3879450261592865,1235
1081,0.38790014386177063,424
1082,0.38686323165893555,379
1083,0.386753112077713,695
1084,0.3866765797138214,382
1085,0.3865441679954529,1416
1086,0.3864569067955017,1396
1087,0.3863845467567444,486
1088,0.3862884044647217,32
1089,0.3862058222293854,24
1090,0.3860170841217041,517
1091,0.3859438896179199,757
1092,0.3857496976852417,670
1093,0.38573622703552246,112
1094,0.3856010437011719,1432
1095,0.3853677809238434,1195
1096,0.3851120173931122,1302
1097,0.38477203249931335,651
1098,0.3840351104736328,594
1099,0.38352498412132263,1351
1100,0.3833822011947632,1326
1101,0.38326752185821533,611
1102,0.38324299454689026,211
1103,0.3831471800804138,19
1104,0.3831265866756439,260
1105,0.383024126291275,759
1106,0.3829549252986908,61
1107,0.382953941822052,115
1108,0.38294702768325806,628
1109,0.3828886151313782,705
1110,0.3827987313270569,1344
1111,0.38279151916503906,904
1112,0.38274064660072327,78
1113,0.3825639486312866,1429
1114,0.3819897174835205,649
1115,0.38185155391693115,132
1116,0.38159334659576416,795
1117,0.3807157874107361,1307
1118,0.38051095604896545,929
1119,0.3804570138454437,524
1120,0.38041216135025024,1
1121,0.38035595417022705,25
1122,0.3798169791698456,637
1123,0.3797820508480072,770
1124,0.37965667247772217,389
1125,0.3793858587741852,289
1126,0.3792053163051605,15
1127,0.3791877329349518,1281
1128,0.37914538383483887,52
1129,0.37909674644470215,96
1130,0.37869197130203247,1167
1131,0.3786781430244446,1314
1132,0.37833502888679504,287
1133,0.3779018819332123,925
1134,0.37788626551628113,1265
1135,0.3778284788131714,377
1136,0.377756804227829,724
1137,0.3777271509170532,192
1138,0.3775377571582794,135
1139,0.3775199353694916,709
1140,0.37742555141448975,1310
1141,0.3772949278354645,276
1142,0.3772600293159485,124
1143,0.3772524893283844,1089
1144,0.37699800729751587,764
1145,0.3767651915550232,159
1146,0.37670376896858215,1004
1147,0.37646374106407166,1298
1148,0.3761395812034607,186
1149,0.3759334683418274,201
1150,0.37544429302215576,312
1151,0.3750644624233246,1155
1152,0.375042200088501,945
1153,0.37465524673461914,789
1154,0.3742411434650421,10
1155,0.3740495443344116,748
1156,0.373928427696228,521
1157,0.37389466166496277,1290
1158,0.3737628161907196,114
1159,0.3735296428203583,1130
1160,0.37318718433380127,911
1161,0.3725225031375885,737
1162,0.37247443199157715,214
1163,0.37243711948394775,246
1164,0.37201493978500366,693
1165,0.37194353342056274,410
1166,0.37151801586151123,13
1167,0.3714923560619354,6
1168,0.3711702823638916,136
1169,0.3705943822860718,657
1170,0.37053537368774414,793
1171,0.3697866201400757,1198
1172,0.36922815442085266,797
1173,0.3689342737197876,123
1174,0.36891719698905945,701
1175,0.3689083158969879,1244
1176,0.36889031529426575,426
1177,0.36879754066467285,41
1178,0.36857476830482483,684
1179,0.36813539266586304,496
1180,0.36771994829177856,778
1181,0.36757737398147583,1132
1182,0.36755698919296265,551
1183,0.36745327711105347,82
1184,0.36741289496421814,786
1185,0.3674073815345764,180
1186,0.36710309982299805,1234
1187,0.3668694496154785,787
1188,0.3663851320743561,674
1189,0.36630484461784363,599
1190,0.3660869300365448,1104
1191,0.3660646378993988,79
1192,0.36597880721092224,1156
1193,0.36579832434654236,582
1194,0.3657577931880951,44
1195,0.365583211183548,880
1196,0.3655317425727844,71
1197,0.36521226167678833,598
1198,0.3649337589740753,631
1199,0.3647957146167755,1248
1200,0.3643304109573364,576
1201,0.36379557847976685,297
1202,0.36310476064682007,894
1203,0.36295437812805176,343
1204,0.3628411889076233,23
1205,0.3628363013267517,1355
1206,0.3624228239059448,69
1207,0.3622010052204132,1372
1208,0.36204925179481506,1188
1209,0.3617613911628723,593
1210,0.36104387044906616,714
1211,0.36052989959716797,779
1212,0.3602997958660126,446
1213,0.36029407382011414,1300
1214,0.36013931035995483,1384
1215,0.35972610116004944,1032
1216,0.35966750979423523,1139
1217,0.3594505488872528,877
1218,0.3594365119934082,92
1219,0.3592785596847534,171
1220,0.358923077583313,381
1221,0.35781756043434143,1010
1222,0.35777825117111206,931
1223,0.35774850845336914,1242
1224,0.35763785243034363,315
1225,0.35706764459609985,1134
1226,0.35703080892562866,370
1227,0.35698968172073364,220
1228,0.3566061854362488,932
1229,0.3566047251224518,67
1230,0.35634785890579224,531
1231,0.35616734623908997,934
1232,0.35614246129989624,1142
1233,0.35613179206848145,678
1234,0.355812668800354,915
1235,0.355255126953125,1360
1236,0.35521936416625977,435
1237,0.35510507225990295,559
1238,0.35496750473976135,567
1239,0.3549145758152008,816
1240,0.3547070026397705,1025
1241,0.35451486706733704,29
1242,0.3538677394390106,242
1243,0.35288313031196594,557
1244,0.35225313901901245,1286
1245,0.351792573928833,802
1246,0.35162442922592163,173
1247,0.3511880338191986,881
1248,0.3507062792778015,241
1249,0.3503062129020691,933
1250,0.34952616691589355,125
1251,0.3493477702140808,451
1252,0.34819790720939636,732
1253,0.3481523096561432,1267
1254,0.3479732275009155,184
1255,0.3478754162788391,1327
1256,0.34697234630584717,100
1257,0.34670957922935486,73
1258,0.34668856859207153,745
1259,0.3462001383304596,102
1260,0.3460080921649933,1312
1261,0.34579187631607056,286
1262,0.3457694351673126,445
1263,0.34536516666412354,49
1264,0.34528523683547974,801
1265,0.344974547624588,529
1266,0.34469568729400635,1079
1267,0.3444577157497406,101
1268,0.34437310695648193,240
1269,0.3441295921802521,371
1270,0.34351086616516113,561
1271,0.342858225107193,83
1272,0.3425051271915436,1169
1273,0.34129053354263306,910
1274,0.3412522077560425,597
1275,0.3408755362033844,177
1276,0.3408602774143219,912
1277,0.34068089723587036,1041
1278,0.34061193466186523,59
1279,0.34027203917503357,170
1280,0.3401108980178833,614
1281,0.33980098366737366,1228
1282,0.3389686346054077,906
1283,0.3387952446937561,776
1284,0.3384682834148407,197
1285,0.33837926387786865,792
1286,0.3382391035556793,685
1287,0.337971031665802,1199
1288,0.3378143012523651,399
1289,0.33749598264694214,518
1290,0.3374035358428955,1071
1291,0.33731940388679504,688
1292,0.3366537392139435,914
1293,0.33632856607437134,568
1294,0.3353460133075714,1122
1295,0.3350764811038971,669
1296,0.33496636152267456,873
1297,0.3343897759914398,887
1298,0.33401939272880554,716
1299,0.33322447538375854,88
1300,0.3330465853214264,983
1301,0.3329068720340729,91
1302,0.33271387219429016,1099
1303,0.3326832056045532,985
1304,0.3325982093811035,196
1305,0.3325551450252533,352
1306,0.33241942524909973,769
1307,0.33194699883461,363
1308,0.3318119943141937,1026
1309,0.3315157890319824,1283
1310,0.331498384475708,70
1311,0.3309946060180664,753
1312,0.3309861123561859,367
1313,0.330837219953537,357
1314,0.3303965926170349,620
1315,0.3299575746059418,238
1316,0.3295002281665802,1038
1317,0.3292182385921478,72
1318,0.3288308084011078,51
1319,0.3281826376914978,351
1320,0.32728543877601624,1259
1321,0.3271031677722931,110
1322,0.32612141966819763,66
1323,0.32601216435432434,308
1324,0.3259117603302002,1264
1325,0.3258047103881836,644
1326,0.3256851136684418,918
1327,0.32493919134140015,147
1328,0.32455113530158997,722
1329,0.3245070278644562,76
1330,0.32417944073677063,1028
1331,0.32339155673980713,601
1332,0.32339155673980713,600
1333,0.32280290126800537,106
1334,0.32238712906837463,1183
1335,0.32192814350128174,348
1336,0.321302592754364,1006
1337,0.32078173756599426,1352
1338,0.32073545455932617,391
1339,0.32073312997817993,713
1340,0.32071128487586975,1308
1341,0.32038089632987976,697
1342,0.32031574845314026,0
1343,0.32028627395629883,175
1344,0.32018375396728516,872
1345,0.31995612382888794,20
1346,0.31995314359664917,86
1347,0.3193831741809845,130
1348,0.3190307915210724,623
1349,0.3187168836593628,755
1350,0.3186727464199066,333
1351,0.3182676136493683,1247
1352,0.3179793953895569,625
1353,0.317964106798172,1203
1354,0.3176271319389343,1151
1355,0.3172954320907593,337
1356,0.3171154856681824,55
1357,0.3169521391391754,62
1358,0.316823273897171,694
1359,0.3165506422519684,782
1360,0.31620723009109497,1170
1361,0.3161727488040924,1221
1362,0.3161354064941406,14
1363,0.3154585361480713,134
1364,0.3141648769378662,31
1365,0.3137471079826355,95
1366,0.31337618827819824,277
1367,0.31323906779289246,978
1368,0.31215694546699524,562
1369,0.3118864595890045,1279
1370,0.3114478886127472,139
1371,0.3105848431587219,1288
1372,0.3104691505432129,1202
1373,0.3098165690898895,176
1374,0.30949583649635315,443
1375,0.30888691544532776,128
1376,0.3083348274230957,58
1377,0.30752333998680115,11
1378,0.30646681785583496,1129
1379,0.30639562010765076,1180
1380,0.30628398060798645,8
1381,0.30551695823669434,1217
1382,0.3055076599121094,263
1383,0.30538907647132874,428
1384,0.3043118417263031,1064
1385,0.3039475679397583,327
1386,0.30338969826698303,75
1387,0.3030790388584137,902
1388,0.30200523138046265,730
1389,0.3019750714302063,380
1390,0.3018074035644531,213
1391,0.301183819770813,1173
1392,0.3006976842880249,229
1393,0.30043596029281616,1226
1394,0.2995607554912567,762
1395,0.29919442534446716,909
1396,0.2984919250011444,394
1397,0.29781511425971985,430
1398,0.29752877354621887,144
1399,0.29742899537086487,12
1400,0.2968440055847168,434
1401,0.2968393862247467,340
1402,0.2953665554523468,395
1403,0.2943689823150635,655
1404,0.29334065318107605,21
1405,0.2918809950351715,16
1406,0.29174530506134033,60
1407,0.29066652059555054,311
1408,0.289376437664032,264
1409,0.288659930229187,248
1410,0.2875382602214813,46
1411,0.28641143441200256,107
1412,0.2854449152946472,93
1413,0.284427285194397,711
1414,0.2843620181083679,719
1415,0.2836307883262634,26
1416,0.28278452157974243,396
1417,0.2816223204135895,9
1418,0.27707454562187195,1237
1419,0.27696019411087036,97
1420,0.276481956243515,1152
1421,0.2764328718185425,233
1422,0.2755752503871918,1223
1423,0.27491775155067444,105
1424,0.27467969059944153,706
1425,0.2742730379104614,1187
1426,0.27278855443000793,622
1427,0.2714449465274811,77
1428,0.27121502161026,1189
1429,0.27113598585128784,1254
1430,0.27053457498550415,707
1431,0.2697897255420685,28
1432,0.26883894205093384,1174
1433,0.268533319234848,708
1434,0.26817479729652405,702
1435,0.2665880620479584,1204
1436,0.2651727795600891,65
1437,0.2630705237388611,1186
1438,0.2566715180873871,1184
1439,0.2562102675437927,596
1440,0.25334563851356506,1293
1441,0.25275105237960815,64
1442,0.25226205587387085,1205
1443,0.2482469528913498,27
1444,0.24791495501995087,183
1445,0.24466660618782043,680
1446,0.2442866712808609,1241
1447,0.2410702407360077,281
1448,0.24050703644752502,47
1449,0.24013389647006989,1176
1450,0.237478107213974,1185
1451,0.2372097671031952,453
1452,0.1964666098356247,87
