,similarity,prod_num
0,0.9999999403953552,2015
1,0.732295036315918,1254
2,0.7292556166648865,2011
3,0.6888095140457153,1836
4,0.6858048439025879,1812
5,0.6755446195602417,1240
6,0.6726579666137695,1915
7,0.666234016418457,1844
8,0.6661941409111023,2090
9,0.6660842895507812,1902
10,0.6602420806884766,1991
11,0.6568248867988586,1999
12,0.6426460146903992,2096
13,0.6383699774742126,1975
14,0.6317792534828186,1979
15,0.6308398842811584,1932
16,0.6288758516311646,1834
17,0.6273843050003052,1981
18,0.6266976594924927,2113
19,0.6255010366439819,1966
20,0.6253415942192078,1992
21,0.6245176196098328,2020
22,0.6230055689811707,2040
23,0.6216298341751099,2095
24,0.6216118931770325,1861
25,0.6214184761047363,1938
26,0.6196595430374146,2001
27,0.6176238059997559,1810
28,0.6162542104721069,1998
29,0.6152390837669373,2005
30,0.6136715412139893,2083
31,0.613644540309906,2018
32,0.6135835647583008,2062
33,0.6129847764968872,2082
34,0.6127418875694275,1799
35,0.6119313836097717,1900
36,0.6111639738082886,1247
37,0.6085472702980042,1934
38,0.607085645198822,2093
39,0.606282651424408,1878
40,0.6049935221672058,1220
41,0.6047324538230896,1123
42,0.6027812957763672,2060
43,0.6022197604179382,2048
44,0.59979647397995,1972
45,0.5980189442634583,2080
46,0.5973380208015442,2078
47,0.5971813201904297,1886
48,0.594977855682373,2112
49,0.5949009656906128,2103
50,0.5943043231964111,1819
51,0.594181478023529,1125
52,0.5935633182525635,1199
53,0.5934283137321472,1212
54,0.5933335423469543,1987
55,0.5930445194244385,1933
56,0.5925540328025818,1887
57,0.5924596786499023,2051
58,0.591751217842102,2038
59,0.591701328754425,1121
60,0.5912045240402222,1977
61,0.5908666849136353,2045
62,0.5908575057983398,1865
63,0.5874545574188232,1882
64,0.5867928266525269,1937
65,0.5830547213554382,2009
66,0.5813563466072083,1842
67,0.5803161859512329,1986
68,0.5790199637413025,2004
69,0.5787893533706665,1804
70,0.578703761100769,1892
71,0.577831506729126,1895
72,0.5770761966705322,1967
73,0.5766536593437195,1826
74,0.5762863755226135,2111
75,0.5754895806312561,1152
76,0.5736124515533447,1930
77,0.5734315514564514,1207
78,0.5729796886444092,2104
79,0.5725712180137634,1868
80,0.5716370344161987,1970
81,0.5702094435691833,1150
82,0.5691192150115967,2053
83,0.568966805934906,1136
84,0.5688832402229309,2022
85,0.5683241486549377,1822
86,0.5673540234565735,1805
87,0.5672990083694458,1925
88,0.567168653011322,2012
89,0.5669698715209961,2073
90,0.5669581890106201,846
91,0.5666472911834717,1658
92,0.5639956593513489,2077
93,0.5636885166168213,2119
94,0.5622922778129578,1502
95,0.5613340139389038,1144
96,0.5610252022743225,1130
97,0.5599667429924011,2091
98,0.5596452951431274,1458
99,0.5589607357978821,1351
100,0.5580684542655945,1221
101,0.5567832589149475,645
102,0.5554489493370056,1147
103,0.555038332939148,1173
104,0.5548121333122253,2017
105,0.5547654628753662,2114
106,0.5537337064743042,1802
107,0.5534836649894714,2007
108,0.5528650879859924,1246
109,0.5524935722351074,2021
110,0.552388608455658,2008
111,0.5523885488510132,1389
112,0.5521634817123413,2069
113,0.5520807504653931,1797
114,0.552002489566803,1237
115,0.5505786538124084,2109
116,0.5504514575004578,2074
117,0.5502223968505859,2115
118,0.5496676564216614,2116
119,0.5484511852264404,2101
120,0.5480024814605713,1213
121,0.5478721261024475,1855
122,0.5476994514465332,2084
123,0.5473302006721497,1232
124,0.5473302006721497,1193
125,0.5464158058166504,1219
126,0.5460701584815979,1323
127,0.5457552671432495,2085
128,0.5454768538475037,1460
129,0.5434703826904297,1346
130,0.5428997278213501,1238
131,0.5428913235664368,1869
132,0.5414704084396362,1800
133,0.5410255193710327,1818
134,0.5402182936668396,1894
135,0.5401230454444885,1793
136,0.5400320887565613,1905
137,0.5391443967819214,1149
138,0.5391038060188293,1454
139,0.5387887358665466,1982
140,0.5386800765991211,2075
141,0.5378122329711914,2100
142,0.5378052592277527,294
143,0.5377373099327087,1785
144,0.5376953482627869,2099
145,0.537399172782898,1244
146,0.5373878479003906,1322
147,0.5371087193489075,865
148,0.537101149559021,2110
149,0.5356928706169128,1854
150,0.5355002284049988,1841
151,0.5332117676734924,1462
152,0.5327066779136658,2097
153,0.5287265181541443,1988
154,0.528647780418396,1935
155,0.5282704830169678,1815
156,0.5282496809959412,1230
157,0.5279062390327454,1978
158,0.5277207493782043,2056
159,0.5273705124855042,2023
160,0.5273513793945312,2047
161,0.5263965725898743,1172
162,0.5259948372840881,2094
163,0.5256978869438171,1198
164,0.5253507494926453,1177
165,0.5252264738082886,1249
166,0.5250967741012573,1390
167,0.5242895483970642,1848
168,0.5235422849655151,2106
169,0.522165834903717,1921
170,0.5219156742095947,2025
171,0.5206983685493469,1501
172,0.5193032026290894,1163
173,0.5191727876663208,1814
174,0.5190210342407227,1875
175,0.5185832977294922,1464
176,0.5185621976852417,1205
177,0.5180327296257019,1122
178,0.5179771184921265,2118
179,0.5174757838249207,1851
180,0.5171828866004944,1974
181,0.5171595811843872,2092
182,0.5170068144798279,2027
183,0.5160921812057495,2076
184,0.5156753063201904,2055
185,0.5156722664833069,1792
186,0.5154851675033569,436
187,0.5148107409477234,1927
188,0.5147637128829956,1145
189,0.5122506022453308,2057
190,0.5119994282722473,1167
191,0.5118674635887146,1176
192,0.511516809463501,1251
193,0.5114454627037048,1879
194,0.5101060271263123,1923
195,0.5100189447402954,1215
196,0.5085554122924805,1324
197,0.5080931782722473,1353
198,0.5079273581504822,2042
199,0.5067925453186035,1808
200,0.5062161087989807,1863
201,0.505955159664154,1830
202,0.5059171915054321,2066
203,0.5059090852737427,1500
204,0.505640983581543,344
205,0.505495011806488,1912
206,0.5042933821678162,1378
207,0.5042933821678162,1354
208,0.5042153000831604,1990
209,0.5028788447380066,1366
210,0.5022798180580139,2108
211,0.5019102096557617,2039
212,0.5018388628959656,45
213,0.5010102987289429,1082
214,0.500717043876648,2105
215,0.5001185536384583,1127
216,0.4992685317993164,2102
217,0.49915486574172974,1154
218,0.49862924218177795,1155
219,0.4985867440700531,1210
220,0.49844491481781006,1201
221,0.4981975257396698,2068
222,0.49788883328437805,1824
223,0.49714207649230957,2063
224,0.49641066789627075,1786
225,0.4960930347442627,1137
226,0.4960499405860901,353
227,0.4953928589820862,1931
228,0.4950362741947174,309
229,0.4948750138282776,1899
230,0.49483269453048706,51
231,0.49472495913505554,1333
232,0.4930587112903595,2019
233,0.49302127957344055,1901
234,0.49246808886528015,1179
235,0.4920177757740021,1165
236,0.49200326204299927,1885
237,0.4906279146671295,1926
238,0.4901270866394043,1116
239,0.4898584485054016,2054
240,0.4892486035823822,1633
241,0.48921507596969604,2037
242,0.48910078406333923,1069
243,0.48848482966423035,1840
244,0.48837482929229736,710
245,0.4875936806201935,1903
246,0.4875507950782776,1796
247,0.48644334077835083,1349
248,0.4862893521785736,1231
249,0.4862893521785736,1192
250,0.4861873388290405,1924
251,0.4858646094799042,1816
252,0.4856400489807129,1803
253,0.4850570857524872,1829
254,0.484873503446579,1860
255,0.48401546478271484,1115
256,0.4839463531970978,1226
257,0.48352089524269104,1787
258,0.48349323868751526,1235
259,0.48348942399024963,1197
260,0.4822085499763489,1909
261,0.4821106791496277,840
262,0.48160848021507263,2035
263,0.4812053442001343,1146
264,0.4810962378978729,2006
265,0.48087307810783386,483
266,0.4803951382637024,1635
267,0.48029106855392456,231
268,0.4801783263683319,1129
269,0.4800942838191986,1968
270,0.47944653034210205,2123
271,0.478290855884552,1488
272,0.47712382674217224,1234
273,0.4768282175064087,1884
274,0.4767771363258362,1506
275,0.4767684042453766,362
276,0.47541993856430054,1191
277,0.4753480851650238,444
278,0.4753184914588928,613
279,0.4752088785171509,1117
280,0.47497907280921936,1248
281,0.4739620089530945,1239
282,0.4734671115875244,1217
283,0.47334620356559753,350
284,0.4733162820339203,1636
285,0.4732102155685425,2061
286,0.4731382429599762,336
287,0.4727415442466736,1166
288,0.47156137228012085,1917
289,0.47131967544555664,68
290,0.4710569381713867,292
291,0.47086799144744873,2043
292,0.4704396724700928,1380
293,0.46997466683387756,1857
294,0.4698536694049835,1357
295,0.46978625655174255,1913
296,0.46966463327407837,1348
297,0.4694446325302124,2002
298,0.46942606568336487,1969
299,0.468528687953949,310
300,0.46847566962242126,1971
301,0.46695804595947266,1859
302,0.46692198514938354,2098
303,0.4668896496295929,863
304,0.46687641739845276,1874
305,0.46638235449790955,803
306,0.46628257632255554,1558
307,0.4652734696865082,1224
308,0.465104341506958,1223
309,0.4650595784187317,1835
310,0.4644882082939148,1388
311,0.4638535678386688,1092
312,0.46347635984420776,320
313,0.46336114406585693,628
314,0.46141743659973145,289
315,0.461164265871048,1091
316,0.46101781725883484,1158
317,0.4604039788246155,261
318,0.4602665901184082,1665
319,0.46019092202186584,1789
320,0.4599143862724304,1858
321,0.45989760756492615,382
322,0.4595869183540344,1162
323,0.458763062953949,864
324,0.45868849754333496,1250
325,0.4586085379123688,1499
326,0.45825085043907166,1996
327,0.4579080641269684,1980
328,0.45779046416282654,1134
329,0.45779016613960266,1164
330,0.45657026767730713,369
331,0.4562830328941345,1556
332,0.4562186598777771,1118
333,0.455875039100647,1119
334,0.45576950907707214,537
335,0.455007404088974,1639
336,0.4549550712108612,2064
337,0.4549063444137573,1211
338,0.4548509120941162,1328
339,0.4547273814678192,303
340,0.4544070065021515,1920
341,0.45418378710746765,1236
342,0.45340728759765625,1783
343,0.45306745171546936,1228
344,0.45265069603919983,653
345,0.45256921648979187,1806
346,0.45242077112197876,1085
347,0.45224231481552124,1245
348,0.4520708918571472,1356
349,0.4512818157672882,1214
350,0.451277494430542,2044
351,0.4511042535305023,1523
352,0.45060786604881287,1529
353,0.4505784809589386,346
354,0.4496912360191345,1667
355,0.4494311511516571,1916
356,0.4485490024089813,2067
357,0.448271781206131,470
358,0.4481744170188904,1821
359,0.44810497760772705,1151
360,0.4479959309101105,193
361,0.4465554654598236,1790
362,0.4455615282058716,1849
363,0.4454786479473114,1360
364,0.44541239738464355,1243
365,0.44515079259872437,549
366,0.44513005018234253,1126
367,0.4448978304862976,1170
368,0.44441142678260803,674
369,0.4443819522857666,1347
370,0.4442872107028961,1124
371,0.4442167580127716,146
372,0.44415661692619324,1910
373,0.44401803612709045,2072
374,0.4437371790409088,1161
375,0.44354408979415894,1382
376,0.4432598054409027,1784
377,0.4429980218410492,1335
378,0.44229263067245483,373
379,0.4421450197696686,2050
380,0.4418700039386749,1329
381,0.44167789816856384,1907
382,0.44138476252555847,1305
383,0.4410434067249298,1890
384,0.4408024549484253,2003
385,0.44023358821868896,1637
386,0.4401310980319977,2049
387,0.4393671154975891,1180
388,0.43912267684936523,400
389,0.43844178318977356,905
390,0.4378534257411957,2032
391,0.43711578845977783,1074
392,0.4369305968284607,1983
393,0.4365234076976776,2117
394,0.43601590394973755,368
395,0.43590182065963745,2087
396,0.43575894832611084,1494
397,0.4355095326900482,1881
398,0.4353071451187134,445
399,0.4352813959121704,1225
400,0.4346180260181427,196
401,0.43419522047042847,209
402,0.4339926838874817,859
403,0.4339708387851715,1120
404,0.43357551097869873,337
405,0.43336552381515503,342
406,0.4332802891731262,1060
407,0.43221381306648254,1820
408,0.43213844299316406,789
409,0.4320668876171112,1995
410,0.4318905770778656,1229
411,0.43174853920936584,1135
412,0.4306209981441498,2014
413,0.43041104078292847,221
414,0.4303695857524872,1838
415,0.4303286373615265,2107
416,0.4298131763935089,1552
417,0.4294164776802063,409
418,0.4292130172252655,1358
419,0.42889755964279175,1561
420,0.4286976754665375,484
421,0.42823660373687744,2088
422,0.4281807243824005,2065
423,0.42783328890800476,1559
424,0.42776450514793396,15
425,0.4272048771381378,474
426,0.42690664529800415,658
427,0.426830530166626,287
428,0.42612892389297485,1194
429,0.42595845460891724,1664
430,0.42555177211761475,678
431,0.42530614137649536,686
432,0.4240782558917999,38
433,0.4234941303730011,930
434,0.4231278598308563,1073
435,0.422609806060791,1404
436,0.4217834770679474,23
437,0.42116838693618774,1845
438,0.4210200011730194,889
439,0.420817106962204,787
440,0.42080357670783997,875
441,0.42068588733673096,1019
442,0.42036172747612,1795
443,0.42009761929512024,604
444,0.42009371519088745,434
445,0.42008429765701294,1508
446,0.41952717304229736,225
447,0.4191632568836212,1850
448,0.4191323518753052,69
449,0.4181564152240753,479
450,0.4176974892616272,1332
451,0.4176943600177765,1888
452,0.4173847734928131,1817
453,0.41689157485961914,632
454,0.41651982069015503,1579
455,0.4163820147514343,284
456,0.41631147265434265,302
457,0.4161582291126251,642
458,0.4154866337776184,291
459,0.4154393672943115,1156
460,0.41537657380104065,1871
461,0.4151879847049713,595
462,0.41498038172721863,1200
463,0.4147271513938904,1788
464,0.4144541025161743,247
465,0.4137495160102844,1218
466,0.413483589887619,1553
467,0.41345497965812683,1989
468,0.4134443998336792,1619
469,0.4133474826812744,1891
470,0.4133024215698242,1427
471,0.41299179196357727,1241
472,0.41282743215560913,1063
473,0.4124296307563782,1131
474,0.4124232232570648,2052
475,0.4121996760368347,343
476,0.411277174949646,964
477,0.4109524190425873,1668
478,0.4109455645084381,1088
479,0.41087400913238525,1307
480,0.41066092252731323,1685
481,0.41022196412086487,1872
482,0.4099677503108978,587
483,0.4097774624824524,430
484,0.40970301628112793,1521
485,0.40910714864730835,1175
486,0.40904444456100464,114
487,0.4087989330291748,1507
488,0.40860459208488464,1928
489,0.4084494709968567,1352
490,0.4084482192993164,1138
491,0.4081880748271942,1640
492,0.40784937143325806,957
493,0.40759119391441345,1072
494,0.40668556094169617,729
495,0.40655651688575745,307
496,0.4057753384113312,1696
497,0.40468254685401917,1459
498,0.40423834323883057,1791
499,0.40343621373176575,1939
500,0.40330368280410767,440
501,0.40321871638298035,1509
502,0.40297913551330566,1463
503,0.40257853269577026,1781
504,0.4021207392215729,1057
505,0.40112948417663574,1397
506,0.4006725549697876,2029
507,0.4006694257259369,2010
508,0.400023490190506,1068
509,0.3999899923801422,517
510,0.399871826171875,603
511,0.3992856740951538,1066
512,0.39899271726608276,1371
513,0.39888349175453186,1825
514,0.3988470733165741,1655
515,0.3985026478767395,882
516,0.3984255790710449,1550
517,0.3981340527534485,402
518,0.3980531692504883,1365
519,0.39747604727745056,1420
520,0.39746373891830444,1169
521,0.3973063826560974,1363
522,0.396935373544693,2028
523,0.3968898057937622,408
524,0.3968244791030884,2030
525,0.39668193459510803,278
526,0.3958595097064972,1929
527,0.3958064019680023,1364
528,0.3956528306007385,1645
529,0.39549461007118225,1344
530,0.3952139616012573,1297
531,0.39476117491722107,452
532,0.39474210143089294,1416
533,0.39450162649154663,1233
534,0.394280344247818,848
535,0.39424753189086914,1976
536,0.3939594328403473,1540
537,0.3938904404640198,1519
538,0.39381951093673706,2036
539,0.39357560873031616,1343
540,0.39319518208503723,459
541,0.3927651047706604,1288
542,0.39260196685791016,2081
543,0.39227983355522156,214
544,0.39222395420074463,241
545,0.391417533159256,57
546,0.3913799524307251,1518
547,0.3912302255630493,1160
548,0.3909490704536438,1622
549,0.3905820846557617,181
550,0.3900838792324066,1098
551,0.39004048705101013,981
552,0.3899385631084442,656
553,0.3899041414260864,1896
554,0.3898383677005768,34
555,0.3897871673107147,1284
556,0.38921239972114563,720
557,0.38903895020484924,1511
558,0.3887857496738434,22
559,0.38874396681785583,1940
560,0.388380229473114,1477
561,0.38814958930015564,1906
562,0.38786831498146057,521
563,0.38782116770744324,1311
564,0.3875355124473572,1361
565,0.3874008357524872,1880
566,0.38739457726478577,217
567,0.38738784193992615,1216
568,0.38725417852401733,1196
569,0.3872169852256775,25
570,0.3871443569660187,1911
571,0.3870939314365387,450
572,0.3868716061115265,466
573,0.38675084710121155,187
574,0.38660919666290283,1676
575,0.3865121901035309,197
576,0.3859822750091553,1661
577,0.3844018280506134,1839
578,0.3843958377838135,746
579,0.3842712938785553,1555
580,0.38420549035072327,858
581,0.3840636909008026,1647
582,0.3840297758579254,971
583,0.38377174735069275,644
584,0.38362258672714233,1621
585,0.3831707835197449,262
586,0.3830483555793762,1517
587,0.3827725350856781,317
588,0.38274428248405457,1359
589,0.38251394033432007,615
590,0.38231536746025085,281
591,0.38229092955589294,1654
592,0.38223087787628174,55
593,0.3821567893028259,1904
594,0.38211214542388916,243
595,0.38173508644104004,70
596,0.3816823661327362,1828
597,0.38167035579681396,1807
598,0.38166454434394836,218
599,0.3815954625606537,1339
600,0.3814050555229187,1973
601,0.3810822069644928,639
602,0.38079655170440674,1448
603,0.38073813915252686,1067
604,0.380681574344635,1080
605,0.3801482021808624,1285
606,0.38007935881614685,1287
607,0.3795275092124939,2031
608,0.37948891520500183,1832
609,0.3793024718761444,341
610,0.37923717498779297,41
611,0.3791819214820862,1337
612,0.3791334331035614,624
613,0.3790624439716339,1659
614,0.37871184945106506,945
615,0.3785315454006195,1027
616,0.378510445356369,226
617,0.3784154951572418,1308
618,0.37817469239234924,2071
619,0.37811580300331116,814
620,0.3778182566165924,989
621,0.37779226899147034,662
622,0.37777408957481384,1078
623,0.3775608241558075,625
624,0.37752842903137207,10
625,0.3774660527706146,30
626,0.3773481845855713,4
627,0.37725183367729187,1242
628,0.377046674489975,1178
629,0.37703680992126465,286
630,0.3764495253562927,60
631,0.3762747347354889,1578
632,0.3762502074241638,1577
633,0.37595418095588684,1084
634,0.3756310045719147,1699
635,0.37535926699638367,2070
636,0.37533679604530334,1527
637,0.3750629425048828,1831
638,0.37486428022384644,1195
639,0.374817430973053,1187
640,0.3741472065448761,990
641,0.37407615780830383,580
642,0.37371230125427246,1853
643,0.3735671937465668,1513
644,0.37354588508605957,1653
645,0.3733545243740082,1381
646,0.37259674072265625,351
647,0.37229177355766296,1615
648,0.37210261821746826,1350
649,0.3720840811729431,1395
650,0.37206730246543884,1620
651,0.37201014161109924,39
652,0.37200114130973816,664
653,0.3718779683113098,229
654,0.3716815710067749,1304
655,0.3714430332183838,915
656,0.37119534611701965,650
657,0.37094587087631226,694
658,0.3706154525279999,437
659,0.37055790424346924,1018
660,0.37049880623817444,376
661,0.37035509943962097,1114
662,0.3696199655532837,166
663,0.36959895491600037,1757
664,0.3691452741622925,937
665,0.36905190348625183,808
666,0.36898598074913025,1984
667,0.3687739968299866,1782
668,0.368665874004364,1847
669,0.36855295300483704,707
670,0.3685082495212555,1065
671,0.3682214915752411,1485
672,0.3679450750350952,790
673,0.3677516579627991,742
674,0.36774754524230957,554
675,0.3676391839981079,1293
676,0.3675558865070343,1728
677,0.36681610345840454,1086
678,0.366780161857605,1893
679,0.3667205274105072,770
680,0.3667086660861969,378
681,0.3666345179080963,1919
682,0.366545170545578,1597
683,0.3664351999759674,1319
684,0.36637547612190247,293
685,0.36637523770332336,1208
686,0.36635372042655945,1283
687,0.3663196861743927,1491
688,0.3662492334842682,321
689,0.36620956659317017,1867
690,0.36612752079963684,345
691,0.36602118611335754,1279
692,0.36589112877845764,449
693,0.3656914532184601,1377
694,0.36533889174461365,1545
695,0.3651082217693329,1951
696,0.365042120218277,1557
697,0.36492154002189636,315
698,0.36480024456977844,1643
699,0.36474913358688354,380
700,0.36442866921424866,1227
701,0.3641626834869385,2000
702,0.36406195163726807,144
703,0.36397844552993774,629
704,0.3636344075202942,1686
705,0.3632402718067169,722
706,0.36301764845848083,154
707,0.3630143702030182,962
708,0.36299633979797363,385
709,0.3629940152168274,540
710,0.36294689774513245,1128
711,0.3628423810005188,867
712,0.3628358840942383,1642
713,0.36268505454063416,821
714,0.3624937832355499,215
715,0.36244529485702515,1660
716,0.36240237951278687,349
717,0.36232247948646545,168
718,0.3621044456958771,1443
719,0.36198538541793823,1997
720,0.3619164824485779,1174
721,0.3617168664932251,1070
722,0.3615965247154236,1656
723,0.3614908456802368,607
724,0.3612948954105377,1565
725,0.3610946238040924,1461
726,0.3610810339450836,523
727,0.36087408661842346,1061
728,0.3606833815574646,881
729,0.3605078458786011,374
730,0.3605039417743683,339
731,0.36016038060188293,795
732,0.3600292503833771,958
733,0.36002764105796814,1040
734,0.3599003851413727,1290
735,0.35970112681388855,669
736,0.3594839572906494,1945
737,0.3594495356082916,1589
738,0.35940536856651306,762
739,0.3593941032886505,1376
740,0.35917940735816956,730
741,0.35913556814193726,842
742,0.3590935170650482,1181
743,0.3588363528251648,681
744,0.3587166965007782,356
745,0.35855981707572937,1535
746,0.3584699034690857,206
747,0.35841062664985657,713
748,0.3579093813896179,1081
749,0.3578178286552429,1528
750,0.35752859711647034,1392
751,0.35724014043807983,1391
752,0.35722312331199646,1693
753,0.35712581872940063,1312
754,0.3570995628833771,1079
755,0.3570937514305115,1301
756,0.357010155916214,1016
757,0.35699087381362915,352
758,0.3567008078098297,684
759,0.35659077763557434,1406
760,0.35639065504074097,1877
761,0.3563880920410156,442
762,0.35629361867904663,1456
763,0.3562680184841156,1630
764,0.35612478852272034,634
765,0.3561195433139801,121
766,0.35604891180992126,646
767,0.3557930588722229,132
768,0.35574379563331604,1299
769,0.35556265711784363,1058
770,0.3555503487586975,447
771,0.35552430152893066,1526
772,0.3555162250995636,464
773,0.3553961515426636,975
774,0.35535311698913574,296
775,0.3552369475364685,334
776,0.35522377490997314,734
777,0.35510796308517456,469
778,0.3546046316623688,1497
779,0.35459640622138977,688
780,0.3545917868614197,1505
781,0.3543669581413269,818
782,0.3542516827583313,1044
783,0.35408562421798706,1585
784,0.3539252281188965,1837
785,0.3535733222961426,579
786,0.3535096347332001,950
787,0.35343724489212036,1340
788,0.3533382713794708,6
789,0.35332947969436646,733
790,0.35332685708999634,1110
791,0.3530963361263275,1171
792,0.35308197140693665,1516
793,0.35277876257896423,1445
794,0.35264626145362854,737
795,0.3526117503643036,1542
796,0.3525336980819702,914
797,0.3524796664714813,1949
798,0.3523879647254944,348
799,0.3523208498954773,396
800,0.3519571125507355,33
801,0.3519306778907776,570
802,0.35183849930763245,909
803,0.3517879545688629,1575
804,0.35168612003326416,2122
805,0.3513585329055786,1188
806,0.35120779275894165,510
807,0.3511732518672943,764
808,0.35108157992362976,312
809,0.35101577639579773,2121
810,0.35098016262054443,59
811,0.35095077753067017,898
812,0.35079434514045715,1440
813,0.3506684899330139,831
814,0.3505527079105377,390
815,0.35029107332229614,1107
816,0.35017308592796326,371
817,0.35008952021598816,706
818,0.35007914900779724,478
819,0.3498653471469879,763
820,0.3493865132331848,1918
821,0.34930819272994995,446
822,0.3491230905056,184
823,0.34909212589263916,370
824,0.3490852415561676,66
825,0.34873688220977783,1100
826,0.34872615337371826,160
827,0.34862977266311646,198
828,0.34857961535453796,1437
829,0.34825292229652405,1049
830,0.34820470213890076,843
831,0.3481459319591522,672
832,0.34812411665916443,1087
833,0.34807541966438293,1496
834,0.34805721044540405,955
835,0.3479671776294708,332
836,0.34794363379478455,987
837,0.34791719913482666,1023
838,0.3476255238056183,543
839,0.34746548533439636,1326
840,0.3473166823387146,893
841,0.34731411933898926,1206
842,0.34721052646636963,3
843,0.34718871116638184,534
844,0.34708747267723083,355
845,0.34690985083580017,314
846,0.34686368703842163,200
847,0.34662386775016785,178
848,0.34647467732429504,545
849,0.3456960618495941,2120
850,0.34567317366600037,1153
851,0.34555110335350037,1964
852,0.34537121653556824,1532
853,0.3451981246471405,675
854,0.345011830329895,1948
855,0.3449518382549286,2046
856,0.3448841869831085,920
857,0.34474724531173706,1099
858,0.3441923260688782,1634
859,0.3440787196159363,855
860,0.3439748287200928,1330
861,0.34393399953842163,140
862,0.343917578458786,1641
863,0.3439074754714966,1539
864,0.34381237626075745,1595
865,0.3436778485774994,711
866,0.3432837128639221,726
867,0.3432579040527344,932
868,0.3432055711746216,1706
869,0.3430807292461395,516
870,0.3429856598377228,133
871,0.34293973445892334,1004
872,0.34289658069610596,1649
873,0.3428807854652405,998
874,0.3428388237953186,36
875,0.34254521131515503,1202
876,0.34232085943222046,203
877,0.3420523405075073,526
878,0.34201493859291077,1605
879,0.3419327139854431,424
880,0.3416694104671478,1291
881,0.3416558802127838,697
882,0.3412528336048126,1632
883,0.34119918942451477,1418
884,0.34099867939949036,1185
885,0.34077855944633484,1345
886,0.3407096564769745,103
887,0.3405865430831909,1618
888,0.34052351117134094,1375
889,0.3400607705116272,1823
890,0.3399854898452759,879
891,0.3399146497249603,2124
892,0.3399030566215515,476
893,0.33984044194221497,520
894,0.3396897614002228,1663
895,0.3393622040748596,809
896,0.33935701847076416,1644
897,0.33918488025665283,822
898,0.3391677141189575,256
899,0.33912453055381775,1257
900,0.33911269903182983,507
901,0.3390583097934723,366
902,0.338929682970047,801
903,0.33882936835289,1876
904,0.33879098296165466,2058
905,0.33870288729667664,1566
906,0.33866649866104126,300
907,0.3385776877403259,665
908,0.33825448155403137,1253
909,0.3379329741001129,1953
910,0.33784496784210205,832
911,0.33773666620254517,929
912,0.3376618027687073,387
913,0.33765771985054016,1407
914,0.33753660321235657,1431
915,0.3375108540058136,1309
916,0.3373526334762573,141
917,0.3373212516307831,1689
918,0.3370583653450012,1355
919,0.3369677662849426,1960
920,0.3369542062282562,1256
921,0.33692166209220886,2033
922,0.3367694020271301,839
923,0.3366723954677582,506
924,0.33660888671875,134
925,0.3365601599216461,1560
926,0.3364030122756958,919
927,0.3358502686023712,1008
928,0.3357422947883606,1111
929,0.3355728089809418,528
930,0.3355080187320709,1690
931,0.3354809582233429,1534
932,0.33537453413009644,266
933,0.3353216052055359,1168
934,0.3349624276161194,1415
935,0.3349400758743286,1564
936,0.3348885178565979,1669
937,0.3348727524280548,432
938,0.33485308289527893,564
939,0.33481332659721375,384
940,0.3348105251789093,174
941,0.33453798294067383,857
942,0.3345123827457428,1993
943,0.3345023989677429,1610
944,0.33439335227012634,771
945,0.3343733251094818,441
946,0.33428671956062317,311
947,0.3342449367046356,24
948,0.33422115445137024,810
949,0.33418670296669006,1139
950,0.3341812193393707,488
951,0.3341004252433777,201
952,0.33403220772743225,179
953,0.3340272307395935,676
954,0.33396050333976746,1648
955,0.3339442014694214,1320
956,0.3339158892631531,367
957,0.3338232934474945,92
958,0.33361122012138367,1342
959,0.3335919976234436,800
960,0.3332877457141876,48
961,0.3327982425689697,431
962,0.33272823691368103,257
963,0.33269667625427246,1943
964,0.33250221610069275,1549
965,0.332175076007843,191
966,0.3321186304092407,167
967,0.33195844292640686,1157
968,0.33184725046157837,1596
969,0.33181190490722656,996
970,0.33172279596328735,666
971,0.3316289484500885,575
972,0.3315128684043884,2079
973,0.3314111828804016,188
974,0.3313397765159607,1374
975,0.33124589920043945,1727
976,0.33118945360183716,1041
977,0.3310641646385193,1478
978,0.33094772696495056,754
979,0.3307429552078247,877
980,0.33060213923454285,1094
981,0.3305602967739105,1536
982,0.3305564820766449,1522
983,0.33054226636886597,1514
984,0.3303387761116028,360
985,0.3298285901546478,1255
986,0.3298216760158539,849
987,0.3297780454158783,29
988,0.32970449328422546,222
989,0.3296636641025543,1034
990,0.32945820689201355,426
991,0.32943859696388245,1457
992,0.3294316530227661,508
993,0.3293573558330536,716
994,0.3293447196483612,550
995,0.3290100395679474,190
996,0.3288283050060272,626
997,0.3287384808063507,1426
998,0.32864007353782654,50
999,0.32849201560020447,854
1000,0.3284253776073456,372
1001,0.3283064365386963,766
1002,0.3282335102558136,886
1003,0.3282007873058319,775
1004,0.32813823223114014,1813
1005,0.3281344473361969,760
1006,0.3280499577522278,677
1007,0.32788118720054626,1379
1008,0.32775646448135376,740
1009,0.32765328884124756,381
1010,0.3275945782661438,532
1011,0.3275941014289856,1393
1012,0.3275487720966339,1717
1013,0.3274729251861572,54
1014,0.32737576961517334,1922
1015,0.3273468315601349,164
1016,0.32728415727615356,1451
1017,0.3272475004196167,1775
1018,0.3271431028842926,264
1019,0.32689741253852844,316
1020,0.32684120535850525,939
1021,0.32677319645881653,631
1022,0.3267415463924408,910
1023,0.3266654312610626,566
1024,0.3265894651412964,870
1025,0.3265840709209442,600
1026,0.3265703022480011,622
1027,0.3263823986053467,830
1028,0.32633665204048157,974
1029,0.32622966170310974,896
1030,0.3261756896972656,696
1031,0.32615014910697937,131
1032,0.3261379301548004,1141
1033,0.32611361145973206,924
1034,0.3260631859302521,359
1035,0.32589423656463623,275
1036,0.32587364315986633,251
1037,0.325551301240921,1386
1038,0.3255380392074585,117
1039,0.3254036605358124,448
1040,0.325237512588501,1702
1041,0.32517704367637634,1071
1042,0.3251071870326996,104
1043,0.3248947560787201,358
1044,0.32486289739608765,844
1045,0.3247036337852478,835
1046,0.32462769746780396,819
1047,0.32456859946250916,988
1048,0.32450830936431885,1052
1049,0.3243233561515808,892
1050,0.3242788016796112,252
1051,0.3241719901561737,2013
1052,0.324136346578598,1794
1053,0.3241353929042816,1424
1054,0.3240719735622406,829
1055,0.32401585578918457,1204
1056,0.3239995539188385,1399
1057,0.3239685595035553,986
1058,0.32392019033432007,1593
1059,0.3239036500453949,172
1060,0.3238907754421234,1475
1061,0.3237501084804535,868
1062,0.3236865699291229,365
1063,0.3236628770828247,1671
1064,0.323611855506897,940
1065,0.3234870433807373,1203
1066,0.32342031598091125,482
1067,0.3233676850795746,1652
1068,0.32324960827827454,162
1069,0.3231683671474457,1140
1070,0.32307347655296326,757
1071,0.3230666220188141,2016
1072,0.3230256736278534,259
1073,0.3229612708091736,78
1074,0.3228541910648346,811
1075,0.3228428065776825,27
1076,0.32273992896080017,714
1077,0.32273873686790466,26
1078,0.322714626789093,663
1079,0.32269975543022156,743
1080,0.3226052224636078,1548
1081,0.32259854674339294,230
1082,0.3225097954273224,1109
1083,0.32249751687049866,1680
1084,0.3224547505378723,335
1085,0.32243603467941284,435
1086,0.32209303975105286,1843
1087,0.3220261037349701,16
1088,0.32192856073379517,1798
1089,0.32177481055259705,853
1090,0.3217170238494873,972
1091,0.321707159280777,983
1092,0.32169246673583984,1547
1093,0.32122617959976196,282
1094,0.32114937901496887,1724
1095,0.32105183601379395,1672
1096,0.32104676961898804,1670
1097,0.3210321366786957,379
1098,0.32087641954421997,978
1099,0.3208102881908417,1106
1100,0.32072702050209045,670
1101,0.320667028427124,493
1102,0.32064253091812134,1697
1103,0.3205936551094055,1009
1104,0.3205353021621704,825
1105,0.3205240070819855,913
1106,0.3203389048576355,1713
1107,0.3202984631061554,1626
1108,0.32026830315589905,1252
1109,0.3202259838581085,32
1110,0.3202228248119354,847
1111,0.3202139139175415,416
1112,0.3201179802417755,1503
1113,0.32003846764564514,414
1114,0.3200226128101349,535
1115,0.319987028837204,1484
1116,0.3198823928833008,530
1117,0.31983834505081177,614
1118,0.3195733428001404,911
1119,0.3195093870162964,951
1120,0.3195093870162964,596
1121,0.31946539878845215,1694
1122,0.3191400468349457,1038
1123,0.31910279393196106,816
1124,0.3190973997116089,1316
1125,0.3190503716468811,527
1126,0.3190402388572693,682
1127,0.31903865933418274,643
1128,0.318620502948761,1607
1129,0.3184521198272705,1306
1130,0.3183148205280304,1372
1131,0.31826648116111755,590
1132,0.3182387053966522,721
1133,0.31822800636291504,647
1134,0.318185955286026,680
1135,0.3179924786090851,903
1136,0.3179040849208832,749
1137,0.3178868293762207,1864
1138,0.31781235337257385,567
1139,0.31771957874298096,828
1140,0.31758415699005127,606
1141,0.31756791472435,1588
1142,0.3175545930862427,1409
1143,0.3175353407859802,1580
1144,0.31750720739364624,1492
1145,0.3174276053905487,1476
1146,0.3174249827861786,838
1147,0.31717073917388916,1568
1148,0.31712085008621216,40
1149,0.31709176301956177,649
1150,0.3167247176170349,685
1151,0.3165796101093292,918
1152,0.3164677023887634,900
1153,0.3163977563381195,1662
1154,0.3163744807243347,136
1155,0.3163662850856781,270
1156,0.31633585691452026,111
1157,0.31615233421325684,19
1158,0.3160231411457062,1182
1159,0.31596657633781433,74
1160,0.3158611059188843,752
1161,0.315756618976593,965
1162,0.3155740797519684,511
1163,0.3155096173286438,1487
1164,0.3153780996799469,406
1165,0.3153700828552246,1537
1166,0.3153194487094879,1657
1167,0.3152047097682953,788
1168,0.31510433554649353,67
1169,0.31504058837890625,895
1170,0.3149482309818268,1710
1171,0.31494325399398804,53
1172,0.3149089813232422,1833
1173,0.3148861527442932,465
1174,0.31487172842025757,2034
1175,0.31485044956207275,673
1176,0.31481823325157166,518
1177,0.31481778621673584,612
1178,0.31481531262397766,1327
1179,0.3147815465927124,1035
1180,0.3147720992565155,1598
1181,0.31469330191612244,1455
1182,0.314633309841156,692
1183,0.31460970640182495,514
1184,0.3145976960659027,1442
1185,0.314578115940094,1947
1186,0.3145723342895508,1394
1187,0.3145368695259094,637
1188,0.3143002390861511,457
1189,0.31422561407089233,780
1190,0.3141627907752991,159
1191,0.31404581665992737,398
1192,0.31391966342926025,1582
1193,0.31391894817352295,1745
1194,0.3138004541397095,1075
1195,0.3137853443622589,994
1196,0.31367501616477966,1387
1197,0.31360670924186707,571
1198,0.3135571777820587,586
1199,0.31349289417266846,2026
1200,0.31348443031311035,139
1201,0.31345927715301514,357
1202,0.3134250342845917,946
1203,0.3133874535560608,792
1204,0.3133748769760132,548
1205,0.3132748603820801,1186
1206,0.31323695182800293,176
1207,0.3131687641143799,1771
1208,0.3131415545940399,1801
1209,0.3130338191986084,1452
1210,0.3129517138004303,1108
1211,0.3129350543022156,641
1212,0.3126973509788513,1763
1213,0.312651664018631,21
1214,0.3126240372657776,8
1215,0.31258514523506165,769
1216,0.31254684925079346,460
1217,0.31250065565109253,592
1218,0.31234708428382874,1083
1219,0.3123229146003723,1042
1220,0.31231528520584106,767
1221,0.3123142123222351,1666
1222,0.3122420012950897,480
1223,0.3121914863586426,1744
1224,0.3121003210544586,1756
1225,0.31207889318466187,1468
1226,0.31207624077796936,2089
1227,0.3120192885398865,1318
1228,0.31171169877052307,1698
1229,0.31156885623931885,47
1230,0.3113985061645508,11
1231,0.3110075294971466,956
1232,0.31095850467681885,112
1233,0.31093791127204895,1583
1234,0.31085440516471863,1946
1235,0.31079012155532837,992
1236,0.3107668459415436,1994
1237,0.31071150302886963,467
1238,0.31067559123039246,1711
1239,0.3105342984199524,648
1240,0.3104657828807831,147
1241,0.31039002537727356,9
1242,0.31029966473579407,420
1243,0.31013739109039307,725
1244,0.3101044297218323,1479
1245,0.31009307503700256,934
1246,0.30999118089675903,980
1247,0.3099060654640198,1003
1248,0.3098851442337036,1417
1249,0.30987057089805603,386
1250,0.3097793757915497,239
1251,0.30971091985702515,1405
1252,0.30966150760650635,325
1253,0.309646338224411,0
1254,0.3093429207801819,145
1255,0.3093411326408386,427
1256,0.30927082896232605,1614
1257,0.30921247601509094,475
1258,0.30916306376457214,768
1259,0.30896997451782227,219
1260,0.3088623881340027,1773
1261,0.3088028132915497,1430
1262,0.3087979853153229,1383
1263,0.30873948335647583,1315
1264,0.3086473047733307,1002
1265,0.30864277482032776,443
1266,0.30860841274261475,210
1267,0.3083755075931549,1870
1268,0.3083341717720032,1486
1269,0.3082548975944519,143
1270,0.30809950828552246,1321
1271,0.3080770671367645,418
1272,0.3080592453479767,1510
1273,0.30789250135421753,495
1274,0.3077646493911743,1302
1275,0.30775341391563416,1438
1276,0.30775004625320435,363
1277,0.3076748251914978,280
1278,0.30765122175216675,498
1279,0.3076445758342743,319
1280,0.3076169788837433,383
1281,0.3075314164161682,565
1282,0.30742108821868896,1914
1283,0.30741947889328003,1584
1284,0.30710887908935547,18
1285,0.3069630563259125,1958
1286,0.3069070875644684,741
1287,0.3068923354148865,966
1288,0.3068506121635437,841
1289,0.30680739879608154,947
1290,0.3064161539077759,1541
1291,0.3063899576663971,1674
1292,0.30619993805885315,1776
1293,0.30612751841545105,324
1294,0.30609044432640076,826
1295,0.30598509311676025,169
1296,0.3058094382286072,491
1297,0.30577781796455383,698
1298,0.30572059750556946,1695
1299,0.30553123354911804,195
1300,0.30543673038482666,1190
1301,0.3053491711616516,1076
1302,0.30517858266830444,1889
1303,0.30501458048820496,1862
1304,0.30499547719955444,1015
1305,0.3049186170101166,661
1306,0.3048039674758911,605
1307,0.3047216236591339,138
1308,0.30466172099113464,5
1309,0.30463680624961853,738
1310,0.3045912981033325,128
1311,0.30456963181495667,1425
1312,0.30433303117752075,797
1313,0.30392172932624817,815
1314,0.3038390576839447,1432
1315,0.3038366436958313,942
1316,0.3037450313568115,250
1317,0.303583025932312,1439
1318,0.3034698963165283,695
1319,0.30329054594039917,1265
1320,0.3032788634300232,2041
1321,0.3032056391239166,1571
1322,0.3028339743614197,866
1323,0.3027707040309906,979
1324,0.3027515411376953,931
1325,0.3025107681751251,87
1326,0.30236223340034485,150
1327,0.3022178113460541,354
1328,0.3021784722805023,330
1329,0.30206015706062317,1743
1330,0.3020044267177582,1572
1331,0.3019660711288452,1276
1332,0.3019426167011261,782
1333,0.30180299282073975,412
1334,0.301754891872406,765
1335,0.3016948103904724,410
1336,0.30168598890304565,719
1337,0.3016473948955536,2059
1338,0.30159276723861694,1403
1339,0.30157625675201416,542
1340,0.3015068769454956,277
1341,0.30133628845214844,12
1342,0.30126112699508667,212
1343,0.30111435055732727,640
1344,0.3011116683483124,298
1345,0.3010441064834595,393
1346,0.3006840646266937,183
1347,0.30066463351249695,708
1348,0.3006318211555481,538
1349,0.3005538880825043,608
1350,0.30038750171661377,556
1351,0.30031704902648926,205
1352,0.3002590537071228,329
1353,0.3002346158027649,411
1354,0.2999420762062073,1313
1355,0.29981565475463867,1954
1356,0.2997960150241852,242
1357,0.29977673292160034,1097
1358,0.2997658848762512,598
1359,0.29973241686820984,283
1360,0.299538254737854,553
1361,0.2994571924209595,1423
1362,0.2994548976421356,1646
1363,0.29927390813827515,573
1364,0.2992553114891052,1273
1365,0.2991417348384857,1
1366,0.29890063405036926,1688
1367,0.2987412214279175,1751
1368,0.2986367344856262,689
1369,0.29861387610435486,515
1370,0.29847291111946106,928
1371,0.29839542508125305,194
1372,0.29837116599082947,1414
1373,0.29836729168891907,1941
1374,0.29828566312789917,102
1375,0.2982223331928253,2
1376,0.29807910323143005,477
1377,0.29806312918663025,489
1378,0.29791635274887085,923
1379,0.29780811071395874,700
1380,0.29780784249305725,1606
1381,0.29779207706451416,76
1382,0.2976555824279785,657
1383,0.2976493239402771,1573
1384,0.29760077595710754,1422
1385,0.2975659668445587,1673
1386,0.29747384786605835,652
1387,0.29741454124450684,1001
1388,0.2973673939704895,1441
1389,0.2973159849643707,1317
1390,0.29730224609375,1768
1391,0.2972632944583893,83
1392,0.2972218096256256,1143
1393,0.29713183641433716,202
1394,0.2970310151576996,481
1395,0.29683008790016174,671
1396,0.29655057191848755,1047
1397,0.29642319679260254,204
1398,0.296190470457077,812
1399,0.29618069529533386,1429
1400,0.2961326837539673,98
1401,0.29609215259552,552
1402,0.2959437072277069,13
1403,0.29590028524398804,503
1404,0.2954232394695282,56
1405,0.2953781485557556,1275
1406,0.2953651547431946,1898
1407,0.2952212691307068,1684
1408,0.29522067308425903,1650
1409,0.2951746881008148,255
1410,0.29515838623046875,415
1411,0.29506543278694153,933
1412,0.2950195372104645,125
1413,0.2949571907520294,417
1414,0.29493260383605957,1856
1415,0.2948474884033203,269
1416,0.29466184973716736,1627
1417,0.2946608364582062,1750
1418,0.2945350408554077,1827
1419,0.2942683696746826,888
1420,0.2941267192363739,199
1421,0.29401126503944397,123
1422,0.29398709535598755,616
1423,0.29384955763816833,171
1424,0.2938358187675476,1495
1425,0.2937154173851013,1944
1426,0.2936767637729645,1410
1427,0.2936416268348694,52
1428,0.2934931218624115,836
1429,0.2934003472328186,820
1430,0.29330211877822876,995
1431,0.29322338104248047,1469
1432,0.2931686341762543,576
1433,0.29310715198516846,124
1434,0.29306939244270325,970
1435,0.29302817583084106,273
1436,0.29294851422309875,1013
1437,0.2926323115825653,953
1438,0.2923896312713623,1292
1439,0.2923789620399475,1760
1440,0.29227691888809204,731
1441,0.2922493517398834,1735
1442,0.2919673025608063,963
1443,0.2917456030845642,1959
1444,0.29155904054641724,189
1445,0.2915223240852356,1298
1446,0.2914511561393738,1718
1447,0.2914178669452667,899
1448,0.29136887192726135,891
1449,0.2911908030509949,1678
1450,0.29106998443603516,512
1451,0.29101184010505676,690
1452,0.2909753918647766,1024
1453,0.29095664620399475,984
1454,0.2909316122531891,683
1455,0.2909105122089386,1384
1456,0.29075655341148376,1400
1457,0.2905503809452057,223
1458,0.29047858715057373,473
1459,0.29047638177871704,100
1460,0.2904524803161621,295
1461,0.29043078422546387,1762
1462,0.2903546392917633,610
1463,0.2902689576148987,1046
1464,0.29026517271995544,1740
1465,0.29000169038772583,619
1466,0.2899698317050934,99
1467,0.28983819484710693,1538
1468,0.28983622789382935,276
1469,0.28981682658195496,1401
1470,0.28973037004470825,973
1471,0.28971898555755615,703
1472,0.2894211709499359,63
1473,0.28920307755470276,170
1474,0.28907614946365356,253
1475,0.2890332043170929,1031
1476,0.2890210747718811,1679
1477,0.2887006402015686,883
1478,0.288626104593277,1809
1479,0.28848838806152344,655
1480,0.28837475180625916,1746
1481,0.288325697183609,182
1482,0.2882430851459503,1712
1483,0.2881847620010376,72
1484,0.28804031014442444,702
1485,0.2879868149757385,623
1486,0.28774335980415344,17
1487,0.28774139285087585,617
1488,0.28763338923454285,1012
1489,0.2876054644584656,392
1490,0.28759822249412537,304
1491,0.2875579595565796,784
1492,0.2873136103153229,238
1493,0.2872556447982788,977
1494,0.28709059953689575,267
1495,0.28678959608078003,254
1496,0.2866666615009308,1531
1497,0.28655320405960083,723
1498,0.2864777743816376,236
1499,0.2863205671310425,1753
1500,0.28631651401519775,394
1501,0.2863006591796875,391
1502,0.28627243638038635,425
1503,0.28617382049560547,1683
1504,0.28602349758148193,561
1505,0.2859538495540619,732
1506,0.285914808511734,119
1507,0.28586438298225403,285
1508,0.28583621978759766,1481
1509,0.2858027517795563,1183
1510,0.2857751250267029,1021
1511,0.28576505184173584,1090
1512,0.2855263650417328,519
1513,0.2855091989040375,1530
1514,0.285409152507782,999
1515,0.2853494882583618,1101
1516,0.2853463888168335,306
1517,0.2852570414543152,1704
1518,0.2852327823638916,328
1519,0.285090833902359,1811
1520,0.28502652049064636,14
1521,0.28493842482566833,1761
1522,0.2847318649291992,1055
1523,0.28472304344177246,968
1524,0.2845641076564789,240
1525,0.2844741642475128,1369
1526,0.2843444347381592,135
1527,0.2842983901500702,485
1528,0.2842368483543396,802
1529,0.28403204679489136,504
1530,0.2839936912059784,1020
1531,0.2839597761631012,1533
1532,0.2839038372039795,588
1533,0.28387317061424255,127
1534,0.2838418483734131,64
1535,0.28373414278030396,572
1536,0.2837328016757965,1955
1537,0.2836933434009552,861
1538,0.2835999131202698,423
1539,0.2835475206375122,2024
1540,0.283443421125412,793
1541,0.2833605706691742,774
1542,0.2832803428173065,1029
1543,0.28324511647224426,805
1544,0.28320279717445374,1385
1545,0.283110111951828,651
1546,0.2830752730369568,1774
1547,0.28270456194877625,232
1548,0.28266558051109314,1011
1549,0.2825414538383484,1209
1550,0.2824237644672394,421
1551,0.282399982213974,79
1552,0.2822689414024353,524
1553,0.28226205706596375,20
1554,0.2821841537952423,1148
1555,0.2821657657623291,837
1556,0.2821369171142578,216
1557,0.28182023763656616,1677
1558,0.2818029820919037,137
1559,0.2817356586456299,1473
1560,0.2817211151123047,61
1561,0.28165414929389954,1498
1562,0.28156012296676636,208
1563,0.28155672550201416,1222
1564,0.2815294861793518,1551
1565,0.28144580125808716,419
1566,0.281394362449646,871
1567,0.2812885344028473,1682
1568,0.2810615599155426,244
1569,0.28103747963905334,691
1570,0.28082650899887085,758
1571,0.2807089388370514,1520
1572,0.2805255353450775,1184
1573,0.28046146035194397,1367
1574,0.28024470806121826,35
1575,0.28007394075393677,991
1576,0.27993613481521606,1036
1577,0.27992457151412964,922
1578,0.27965131402015686,173
1579,0.2796242833137512,834
1580,0.2796233594417572,1576
1581,0.27947893738746643,796
1582,0.27927568554878235,1050
1583,0.2791098356246948,1700
1584,0.2790990173816681,1113
1585,0.2790610194206238,699
1586,0.27904459834098816,85
1587,0.2790430784225464,748
1588,0.2790430784225464,668
1589,0.27885007858276367,1908
1590,0.27882081270217896,1631
1591,0.27879685163497925,109
1592,0.27866101264953613,1504
1593,0.278535395860672,122
1594,0.2785252034664154,1591
1595,0.2783910930156708,1609
1596,0.2782452404499054,58
1597,0.2779330313205719,851
1598,0.27787840366363525,594
1599,0.27780675888061523,621
1600,0.2777768671512604,62
1601,0.2776965796947479,97
1602,0.2776540219783783,1480
1603,0.2776380181312561,1444
1604,0.2775311768054962,271
1605,0.2774238586425781,547
1606,0.2773081660270691,583
1607,0.27718275785446167,1778
1608,0.2770535945892334,872
1609,0.2770492434501648,1281
1610,0.2770223319530487,593
1611,0.276911199092865,599
1612,0.2768403887748718,438
1613,0.2768199145793915,582
1614,0.27671724557876587,274
1615,0.2766587734222412,885
1616,0.2763364315032959,1681
1617,0.2760924696922302,1280
1618,0.27604910731315613,105
1619,0.275998592376709,546
1620,0.2758682668209076,1262
1621,0.275837242603302,1089
1622,0.27543580532073975,389
1623,0.27541303634643555,781
1624,0.275405615568161,1723
1625,0.27525797486305237,211
1626,0.2752460539340973,1259
1627,0.27520230412483215,456
1628,0.2751549184322357,1965
1629,0.2750619053840637,388
1630,0.27506086230278015,860
1631,0.27506023645401,1045
1632,0.27502700686454773,1269
1633,0.27501943707466125,1512
1634,0.27489322423934937,1336
1635,0.27478471398353577,1258
1636,0.27476266026496887,1747
1637,0.27438002824783325,93
1638,0.274326890707016,786
1639,0.2742449939250946,856
1640,0.274187296628952,258
1641,0.2741697132587433,1866
1642,0.2739977538585663,1730
1643,0.27389559149742126,361
1644,0.27354344725608826,744
1645,0.2734728157520294,1562
1646,0.2734466791152954,439
1647,0.2733853757381439,1133
1648,0.273258775472641,1286
1649,0.27325162291526794,397
1650,0.2730213701725006,701
1651,0.27245083451271057,633
1652,0.2724263668060303,1692
1653,0.27231472730636597,1942
1654,0.2722119987010956,1546
1655,0.27203088998794556,1569
1656,0.27203071117401123,1617
1657,0.271983802318573,429
1658,0.2719378173351288,1600
1659,0.2718890607357025,186
1660,0.2718828022480011,461
1661,0.27185648679733276,654
1662,0.27171844244003296,513
1663,0.2716985046863556,563
1664,0.27165552973747253,1396
1665,0.27142488956451416,42
1666,0.27138829231262207,533
1667,0.27114152908325195,1043
1668,0.2710935175418854,1543
1669,0.2709747850894928,290
1670,0.27097395062446594,499
1671,0.2709055244922638,268
1672,0.2705991566181183,1398
1673,0.27059781551361084,620
1674,0.27050212025642395,1752
1675,0.27045565843582153,1767
1676,0.27044400572776794,1159
1677,0.2704326808452606,1368
1678,0.2700798511505127,340
1679,0.27004513144493103,813
1680,0.26982444524765015,1025
1681,0.2696568965911865,693
1682,0.26964959502220154,1719
1683,0.2693677842617035,1039
1684,0.26929792761802673,750
1685,0.26917412877082825,1268
1686,0.2690366804599762,1623
1687,0.26899397373199463,1289
1688,0.26896196603775024,1616
1689,0.26888519525527954,1594
1690,0.26881691813468933,679
1691,0.26881128549575806,761
1692,0.26860901713371277,1956
1693,0.26855719089508057,177
1694,0.2684624195098877,1846
1695,0.26828497648239136,917
1696,0.26825767755508423,1132
1697,0.2682235836982727,65
1698,0.26819923520088196,1294
1699,0.26817935705184937,1567
1700,0.2678944170475006,976
1701,0.2678796052932739,407
1702,0.26783302426338196,659
1703,0.26766324043273926,90
1704,0.2674613296985626,630
1705,0.26729512214660645,1434
1706,0.2671338617801666,1270
1707,0.26709112524986267,151
1708,0.2667488157749176,1051
1709,0.2667142450809479,1010
1710,0.26644930243492126,107
1711,0.2663630545139313,949
1712,0.26631471514701843,578
1713,0.2662973403930664,405
1714,0.2662838399410248,333
1715,0.2662093937397003,747
1716,0.2661159932613373,1277
1717,0.26607945561408997,1030
1718,0.2660365700721741,601
1719,0.2660168409347534,1736
1720,0.2659376859664917,912
1721,0.2659023702144623,943
1722,0.2657444179058075,509
1723,0.2657202184200287,113
1724,0.2657150626182556,492
1725,0.2656530439853668,1754
1726,0.26553773880004883,1733
1727,0.26546916365623474,1062
1728,0.26545804738998413,555
1729,0.26531288027763367,77
1730,0.2652845084667206,1465
1731,0.26518353819847107,1524
1732,0.2651050388813019,152
1733,0.26505398750305176,902
1734,0.264966756105423,94
1735,0.26480600237846375,1611
1736,0.26480334997177124,791
1737,0.2648029923439026,1014
1738,0.26463207602500916,894
1739,0.2646093964576721,960
1740,0.26449763774871826,1691
1741,0.26441413164138794,399
1742,0.2642785906791687,413
1743,0.2641054093837738,395
1744,0.2637885808944702,779
1745,0.26347821950912476,755
1746,0.263423889875412,884
1747,0.26333364844322205,1715
1748,0.2630605399608612,1738
1749,0.2627470791339874,1563
1750,0.26273292303085327,96
1751,0.2625765800476074,993
1752,0.26255401968955994,213
1753,0.2623731195926666,941
1754,0.2622089087963104,873
1755,0.2621438801288605,1769
1756,0.26207733154296875,500
1757,0.2620764970779419,91
1758,0.2620251178741455,1096
1759,0.26180440187454224,1602
1760,0.2616560459136963,327
1761,0.2615620195865631,1515
1762,0.26154735684394836,1428
1763,0.2615237832069397,1777
1764,0.26146307587623596,313
1765,0.26137083768844604,1897
1766,0.2612868845462799,772
1767,0.2608429193496704,1765
1768,0.26079219579696655,322
1769,0.2606455683708191,1482
1770,0.26051709055900574,739
1771,0.2605162560939789,1770
1772,0.26043784618377686,704
1773,0.2603372633457184,1446
1774,0.2603343725204468,541
1775,0.26024991273880005,921
1776,0.2600488066673279,602
1777,0.2600253224372864,1936
1778,0.25957342982292175,745
1779,0.25940459966659546,1077
1780,0.2592461109161377,954
1781,0.25921106338500977,1625
1782,0.2591123878955841,1772
1783,0.25909385085105896,1708
1784,0.25906819105148315,1734
1785,0.2589968740940094,1608
1786,0.2589828073978424,1592
1787,0.25892338156700134,1264
1788,0.2587948143482208,1739
1789,0.2582387328147888,1022
1790,0.2582217752933502,1325
1791,0.25818222761154175,81
1792,0.25814345479011536,1741
1793,0.2581072449684143,463
1794,0.2580689787864685,501
1795,0.2580547034740448,1338
1796,0.2579532861709595,323
1797,0.25781112909317017,301
1798,0.2577739357948303,880
1799,0.25761863589286804,1703
1800,0.25761863589286804,1037
1801,0.25761863589286804,938
1802,0.25761863589286804,936
1803,0.25761863589286804,935
1804,0.25761863589286804,401
1805,0.2574145197868347,1720
1806,0.25734519958496094,1729
1807,0.25732603669166565,403
1808,0.2571885585784912,1726
1809,0.2570993900299072,584
1810,0.25685805082321167,1408
1811,0.25677886605262756,529
1812,0.2567409873008728,557
1813,0.2566913664340973,502
1814,0.2566845118999481,1742
1815,0.25665876269340515,1271
1816,0.25662457942962646,130
1817,0.2564687728881836,75
1818,0.256286084651947,1026
1819,0.2562772333621979,1701
1820,0.25615957379341125,1638
1821,0.25615325570106506,904
1822,0.2558268904685974,897
1823,0.2552873194217682,560
1824,0.2552345097064972,705
1825,0.2550860047340393,718
1826,0.2550344467163086,785
1827,0.2549424171447754,638
1828,0.2548174560070038,635
1829,0.25457680225372314,568
1830,0.2544401288032532,1587
1831,0.25405368208885193,609
1832,0.2540435791015625,751
1833,0.2537764310836792,1731
1834,0.2536766827106476,1334
1835,0.2536757290363312,878
1836,0.25357383489608765,944
1837,0.2534443140029907,558
1838,0.253312349319458,1310
1839,0.25298863649368286,969
1840,0.2526830732822418,1261
1841,0.2526310384273529,927
1842,0.2525886297225952,916
1843,0.2523128092288971,486
1844,0.2523128092288971,235
1845,0.25214505195617676,1852
1846,0.25209757685661316,1033
1847,0.2520443797111511,129
1848,0.2518644332885742,494
1849,0.25175800919532776,536
1850,0.25164794921875,404
1851,0.25153571367263794,288
1852,0.25141867995262146,1017
1853,0.2513278126716614,1000
1854,0.2511166036128998,824
1855,0.25090107321739197,44
1856,0.2507805824279785,272
1857,0.25065356492996216,1732
1858,0.25055864453315735,263
1859,0.250416100025177,1601
1860,0.25031712651252747,1278
1861,0.2503158450126648,618
1862,0.25027209520339966,1963
1863,0.250227153301239,422
1864,0.25022533535957336,1331
1865,0.2501388192176819,433
1866,0.25011903047561646,753
1867,0.2500740587711334,823
1868,0.25003764033317566,756
1869,0.24993890523910522,455
1870,0.24973465502262115,148
1871,0.24969607591629028,1421
1872,0.24937865138053894,773
1873,0.24934574961662292,1950
1874,0.2491343766450882,31
1875,0.24911943078041077,1282
1876,0.2489873617887497,49
1877,0.24895790219306946,331
1878,0.2489197701215744,505
1879,0.24883343279361725,717
1880,0.24880532920360565,1470
1881,0.24878284335136414,1112
1882,0.24874065816402435,798
1883,0.24842680990695953,709
1884,0.24808421730995178,1961
1885,0.24791784584522247,1604
1886,0.2478664368391037,1370
1887,0.2476038634777069,468
1888,0.24759812653064728,1599
1889,0.24720190465450287,192
1890,0.2470536231994629,248
1891,0.24682582914829254,1613
1892,0.24677203595638275,874
1893,0.24663136899471283,1586
1894,0.24616853892803192,1748
1895,0.24614843726158142,1574
1896,0.2461361289024353,1709
1897,0.2460896372795105,375
1898,0.24605824053287506,589
1899,0.24601951241493225,1413
1900,0.24601951241493225,1296
1901,0.24579693377017975,1779
1902,0.2456519603729248,454
1903,0.24563302099704742,207
1904,0.24532486498355865,890
1905,0.2453235387802124,338
1906,0.24521787464618683,1675
1907,0.24512507021427155,961
1908,0.24504539370536804,472
1909,0.24491874873638153,108
1910,0.24477405846118927,759
1911,0.24458548426628113,1412
1912,0.24446825683116913,7
1913,0.24436022341251373,142
1914,0.24430231750011444,496
1915,0.24358783662319183,347
1916,0.2433469444513321,525
1917,0.24334341287612915,727
1918,0.2428884655237198,37
1919,0.2428630143404007,1054
1920,0.24280285835266113,185
1921,0.24258339405059814,959
1922,0.24255691468715668,901
1923,0.2424204796552658,667
1924,0.2420366406440735,1780
1925,0.24186334013938904,1048
1926,0.2418425977230072,1472
1927,0.24183396995067596,453
1928,0.24181142449378967,1272
1929,0.24165615439414978,1373
1930,0.24147215485572815,712
1931,0.24144279956817627,591
1932,0.24129904806613922,1402
1933,0.24111901223659515,1725
1934,0.2410186380147934,1758
1935,0.24084849655628204,153
1936,0.2406848520040512,777
1937,0.24063430726528168,1705
1938,0.24062947928905487,585
1939,0.24020516872406006,297
1940,0.24019606411457062,833
1941,0.24004945158958435,1260
1942,0.239811509847641,1716
1943,0.23974400758743286,89
1944,0.2397337555885315,1005
1945,0.2395264208316803,224
1946,0.2393801212310791,806
1947,0.23937736451625824,157
1948,0.23886437714099884,149
1949,0.23839759826660156,907
1950,0.2383301556110382,715
1951,0.23829536139965057,1341
1952,0.238277405500412,1957
1953,0.23804454505443573,728
1954,0.23800605535507202,377
1955,0.23791655898094177,559
1956,0.2377946674823761,926
1957,0.2376977950334549,1433
1958,0.23755158483982086,299
1959,0.2372308224439621,778
1960,0.2372288703918457,1985
1961,0.23698067665100098,487
1962,0.2369651347398758,562
1963,0.2369038164615631,227
1964,0.23668858408927917,1449
1965,0.2366044819355011,1105
1966,0.23618178069591522,1493
1967,0.23611614108085632,776
1968,0.23586569726467133,845
1969,0.2357834279537201,1764
1970,0.23570233583450317,539
1971,0.23563866317272186,906
1972,0.23559217154979706,497
1973,0.2355290949344635,1300
1974,0.23535121977329254,428
1975,0.2351711392402649,1554
1976,0.23494447767734528,1581
1977,0.234818235039711,228
1978,0.2342245727777481,246
1979,0.23415935039520264,1303
1980,0.23415768146514893,1267
1981,0.23414389789104462,86
1982,0.23412057757377625,1766
1983,0.23407922685146332,1612
1984,0.23393526673316956,597
1985,0.2338353842496872,1721
1986,0.23355460166931152,1489
1987,0.23343496024608612,71
1988,0.23340104520320892,1093
1989,0.23293079435825348,827
1990,0.23285439610481262,88
1991,0.23261435329914093,1102
1992,0.23245516419410706,1189
1993,0.2323896288871765,850
1994,0.2322370409965515,876
1995,0.23195511102676392,220
1996,0.23191164433956146,1006
1997,0.23181010782718658,305
1998,0.23177319765090942,636
1999,0.23149891197681427,120
2000,0.23125062882900238,1447
2001,0.2310817837715149,1471
2002,0.2308560609817505,1411
2003,0.23085276782512665,1053
2004,0.23076558113098145,245
2005,0.230739027261734,1295
2006,0.2307366132736206,1651
2007,0.23060135543346405,1314
2008,0.2304374724626541,1629
2009,0.23036432266235352,574
2010,0.2303057760000229,1687
2011,0.23020413517951965,106
2012,0.23000170290470123,1362
2013,0.22934676706790924,862
2014,0.2293073832988739,1603
2015,0.22923724353313446,569
2016,0.22920852899551392,1755
2017,0.2289099544286728,1064
2018,0.22878001630306244,1266
2019,0.2287728488445282,458
2020,0.22861982882022858,237
2021,0.22846423089504242,1059
2022,0.22839125990867615,1525
2023,0.22811037302017212,1028
2024,0.22806347906589508,952
2025,0.22777217626571655,156
2026,0.22760318219661713,794
2027,0.2269350290298462,46
2028,0.22655615210533142,724
2029,0.22651496529579163,1759
2030,0.22636710107326508,967
2031,0.22629143297672272,1104
2032,0.22623109817504883,1590
2033,0.22616800665855408,451
2034,0.2261338233947754,1466
2035,0.22587037086486816,577
2036,0.22543177008628845,1544
2037,0.2250080704689026,1436
2038,0.22454392910003662,1714
2039,0.22440959513187408,1274
2040,0.22433079779148102,28
2041,0.22383734583854675,1737
2042,0.22373448312282562,997
2043,0.22359958291053772,1450
2044,0.22345754504203796,925
2045,0.22254693508148193,1419
2046,0.22169074416160583,73
2047,0.22161616384983063,1056
2048,0.221490278840065,660
2049,0.22126369178295135,1103
2050,0.22125999629497528,163
2051,0.22118733823299408,1624
2052,0.22094878554344177,783
2053,0.22082574665546417,1962
2054,0.22072964906692505,1435
2055,0.22020871937274933,985
2056,0.22006972134113312,1883
2057,0.21970972418785095,1570
2058,0.21913336217403412,118
2059,0.21913032233715057,799
2060,0.2189026176929474,101
2061,0.21849247813224792,544
2062,0.21819676458835602,1628
2063,0.21794027090072632,490
2064,0.21794027090072632,233
2065,0.21778404712677002,180
2066,0.21735794842243195,687
2067,0.21710419654846191,852
2068,0.21644841134548187,110
2069,0.2164214849472046,908
2070,0.21625694632530212,126
2071,0.21608249843120575,265
2072,0.21600617468357086,551
2073,0.21570894122123718,116
2074,0.21566669642925262,611
2075,0.21551449596881866,1467
2076,0.2150868922472,948
2077,0.21367494761943817,869
2078,0.2136673927307129,279
2079,0.2132817506790161,1453
2080,0.21325750648975372,887
2081,0.2130153775215149,982
2082,0.21286937594413757,1483
2083,0.21250644326210022,627
2084,0.21250367164611816,817
2085,0.21161843836307526,736
2086,0.21106375753879547,531
2087,0.20948882400989532,1952
2088,0.20941828191280365,2086
2089,0.20895487070083618,318
2090,0.20864586532115936,1474
2091,0.20780719816684723,84
2092,0.20753128826618195,1007
2093,0.2073713093996048,308
2094,0.20715221762657166,260
2095,0.2052282989025116,82
2096,0.20513559877872467,1032
2097,0.20417970418930054,471
2098,0.20404662191867828,234
2099,0.20398828387260437,1749
2100,0.20337402820587158,804
2101,0.20120179653167725,115
2102,0.20101603865623474,95
2103,0.2008223980665207,1873
2104,0.200412780046463,326
2105,0.19961023330688477,155
2106,0.19886985421180725,1263
2107,0.19780763983726501,1142
2108,0.19571083784103394,1722
2109,0.19459660351276398,1707
2110,0.19414544105529785,249
2111,0.19356012344360352,807
2112,0.19249656796455383,462
2113,0.19125916063785553,158
2114,0.1912013739347458,161
2115,0.19105418026447296,735
2116,0.19019128382205963,522
2117,0.18921327590942383,80
2118,0.18494614958763123,43
2119,0.18439790606498718,1095
2120,0.18214693665504456,581
2121,0.1812547892332077,364
2122,0.17862989008426666,1490
2123,0.1766391545534134,175
2124,0.16286292672157288,165
