,similarity,prod_num
0,1.0,39
1,0.6624184250831604,1501
2,0.6588626503944397,537
3,0.6582821607589722,136
4,0.654503583908081,58
5,0.6431531310081482,1123
6,0.6377619504928589,595
7,0.6311348080635071,141
8,0.6272687911987305,289
9,0.619780421257019,144
10,0.6104740500450134,83
11,0.6024169325828552,939
12,0.6007243990898132,629
13,0.6002660393714905,41
14,0.595279335975647,645
15,0.5949920415878296,339
16,0.5935960412025452,650
17,0.5931820273399353,1527
18,0.5903291702270508,1898
19,0.5867330431938171,856
20,0.5865990519523621,1637
21,0.5864711403846741,200
22,0.5851889848709106,441
23,0.5851879119873047,950
24,0.5837312936782837,384
25,0.5763200521469116,1063
26,0.5747421383857727,201
27,0.5742385387420654,599
28,0.5739871263504028,1340
29,0.5738903284072876,1492
30,0.5700613260269165,1502
31,0.5695852637290955,159
32,0.5680370330810547,1522
33,0.5673708915710449,30
34,0.5671152472496033,343
35,0.5670742392539978,2087
36,0.5662354230880737,787
37,0.5652137398719788,221
38,0.5643105506896973,1391
39,0.5637823939323425,1869
40,0.5620375275611877,1509
41,0.5614277124404907,898
42,0.5606815814971924,1792
43,0.5588620901107788,503
44,0.5587247014045715,316
45,0.5580212473869324,757
46,0.5564616322517395,1635
47,0.5563992857933044,1649
48,0.5554153919219971,1669
49,0.554559051990509,840
50,0.554349958896637,905
51,0.5540204644203186,229
52,0.5539894104003906,1972
53,0.5538103580474854,822
54,0.5521546602249146,816
55,0.5514993667602539,1050
56,0.5513851046562195,344
57,0.5511453151702881,521
58,0.5508888363838196,1665
59,0.550330400466919,1889
60,0.5500220656394958,1057
61,0.5491042733192444,378
62,0.5490913391113281,380
63,0.5485610365867615,1323
64,0.5481206178665161,1445
65,0.5473282933235168,834
66,0.5472366213798523,1500
67,0.5468003153800964,406
68,0.5452874302864075,780
69,0.5445268154144287,369
70,0.544464647769928,49
71,0.544268786907196,448
72,0.5439721345901489,613
73,0.5438830256462097,1630
74,0.5432568192481995,42
75,0.5421149730682373,988
76,0.5416088700294495,534
77,0.541189432144165,336
78,0.5408607125282288,800
79,0.5404699444770813,842
80,0.5396931767463684,600
81,0.5389175415039062,511
82,0.5384855270385742,1986
83,0.5381041169166565,540
84,0.5380895733833313,1934
85,0.5368055701255798,226
86,0.5367196798324585,311
87,0.5362330675125122,651
88,0.5361120700836182,114
89,0.5356339812278748,853
90,0.535069465637207,937
91,0.5348132848739624,256
92,0.5345765352249146,2099
93,0.5341838002204895,204
94,0.5335883498191833,825
95,0.5334588289260864,554
96,0.5318286418914795,1461
97,0.531268835067749,1031
98,0.5297887325286865,1356
99,0.5286104083061218,1397
100,0.5285118818283081,849
101,0.5277912020683289,1044
102,0.5276691317558289,1967
103,0.5273209810256958,1283
104,0.5272514224052429,1451
105,0.5269613265991211,1547
106,0.5267651081085205,564
107,0.5250203609466553,1643
108,0.5247681140899658,104
109,0.524652898311615,1983
110,0.5237977504730225,820
111,0.5226767659187317,92
112,0.5226442813873291,1358
113,0.5225144624710083,291
114,0.5221405625343323,720
115,0.5219368934631348,996
116,0.5213663578033447,543
117,0.5212782621383667,1667
118,0.5210561156272888,1322
119,0.5207787752151489,2101
120,0.520652711391449,236
121,0.5206385850906372,1249
122,0.5199155807495117,320
123,0.5198956727981567,2111
124,0.5198695659637451,85
125,0.5196198225021362,430
126,0.5195785760879517,1597
127,0.5192367434501648,370
128,0.5191665887832642,641
129,0.5188508629798889,214
130,0.5187408924102783,386
131,0.5187316536903381,2066
132,0.518502414226532,54
133,0.5183503031730652,1390
134,0.5176402926445007,102
135,0.5169982314109802,893
136,0.5169411897659302,1352
137,0.5164701342582703,561
138,0.5156509280204773,481
139,0.5153721570968628,374
140,0.5150976181030273,368
141,0.514827311038971,1648
142,0.5147895812988281,775
143,0.5139421820640564,764
144,0.5138348937034607,733
145,0.5134206414222717,707
146,0.5133941769599915,93
147,0.5131126642227173,769
148,0.5131063461303711,1523
149,0.5126286745071411,821
150,0.5125807523727417,1992
151,0.5122445821762085,284
152,0.511755645275116,1366
153,0.5112963914871216,1970
154,0.5109072327613831,1343
155,0.5108790993690491,2100
156,0.5105670094490051,1144
157,0.51043701171875,437
158,0.510322630405426,1426
159,0.5103099942207336,788
160,0.5098236799240112,931
161,0.509775698184967,1452
162,0.5097736716270447,719
163,0.5097079277038574,670
164,0.5095360279083252,1861
165,0.5093790888786316,2048
166,0.5092897415161133,415
167,0.509253978729248,1485
168,0.5091179013252258,1043
169,0.5087584853172302,24
170,0.5080620646476746,145
171,0.5075588226318359,1998
172,0.5072829723358154,459
173,0.5067095756530762,674
174,0.5065736174583435,1273
175,0.5065149068832397,752
176,0.5064780712127686,877
177,0.5064745545387268,549
178,0.5064213871955872,1556
179,0.5061885118484497,566
180,0.5058899521827698,171
181,0.5057839155197144,198
182,0.5056152939796448,978
183,0.5056027173995972,187
184,0.5052862167358398,488
185,0.5051735043525696,112
186,0.5050950646400452,189
187,0.5049229860305786,839
188,0.5046774744987488,1415
189,0.5046314597129822,1217
190,0.5046202540397644,363
191,0.5046026110649109,1004
192,0.5043144226074219,889
193,0.504271388053894,684
194,0.5040333271026611,342
195,0.5039947628974915,259
196,0.5038830041885376,2047
197,0.503811776638031,681
198,0.5036004185676575,579
199,0.5033483505249023,25
200,0.503341019153595,1049
201,0.5031068921089172,510
202,0.5028719305992126,356
203,0.502826988697052,476
204,0.5025111436843872,592
205,0.5015727877616882,483
206,0.5012696385383606,484
207,0.500855565071106,2064
208,0.5006568431854248,847
209,0.5004981160163879,164
210,0.5001832842826843,1388
211,0.5000696182250977,1593
212,0.4999552369117737,1061
213,0.49993494153022766,341
214,0.499381959438324,121
215,0.4991806149482727,1632
216,0.4990968406200409,469
217,0.49909117817878723,555
218,0.49902310967445374,1615
219,0.4990021884441376,68
220,0.4989297389984131,615
221,0.49877169728279114,851
222,0.49871474504470825,790
223,0.4986720085144043,846
224,0.49863091111183167,1821
225,0.4985816478729248,2001
226,0.4982709586620331,802
227,0.49817585945129395,507
228,0.49809664487838745,243
229,0.4980349540710449,1640
230,0.4979756772518158,286
231,0.4978717565536499,508
232,0.49777117371559143,56
233,0.49776145815849304,1381
234,0.49770164489746094,857
235,0.49736958742141724,196
236,0.49703580141067505,435
237,0.4970141649246216,385
238,0.49675706028938293,425
239,0.49657025933265686,1621
240,0.49598726630210876,786
241,0.49587810039520264,466
242,0.4952688217163086,1038
243,0.49505746364593506,319
244,0.4948152005672455,1974
245,0.4943723678588867,994
246,0.49425259232521057,872
247,0.4942028820514679,797
248,0.4940749704837799,1377
249,0.4939171373844147,888
250,0.4937843978404999,930
251,0.492948055267334,2090
252,0.4928918480873108,59
253,0.49282151460647583,375
254,0.4926842451095581,1349
255,0.49259817600250244,1351
256,0.49247902631759644,409
257,0.4924085736274719,971
258,0.49227553606033325,181
259,0.492208331823349,1580
260,0.4919700026512146,434
261,0.4918231964111328,798
262,0.4917426109313965,154
263,0.49173206090927124,1803
264,0.491570383310318,242
265,0.49088284373283386,282
266,0.49064555764198303,1785
267,0.4897984564304352,832
268,0.48969602584838867,398
269,0.48957306146621704,81
270,0.48941633105278015,1040
271,0.48927560448646545,899
272,0.48923802375793457,1022
273,0.48922234773635864,1201
274,0.4889506697654724,1332
275,0.48884016275405884,310
276,0.4886574447154999,1333
277,0.48864302039146423,23
278,0.4884466826915741,162
279,0.48807573318481445,1041
280,0.48786118626594543,818
281,0.4877281188964844,2097
282,0.4876306354999542,2037
283,0.48760464787483215,694
284,0.4874460995197296,1399
285,0.4874182641506195,1001
286,0.487321138381958,1448
287,0.4867840111255646,587
288,0.48632457852363586,2026
289,0.48615309596061707,662
290,0.48603585362434387,1427
291,0.48600664734840393,94
292,0.48571139574050903,1206
293,0.485704630613327,1364
294,0.48552316427230835,1804
295,0.4854719638824463,138
296,0.4854528605937958,19
297,0.4853544533252716,1518
298,0.48529738187789917,387
299,0.4852697551250458,975
300,0.48504748940467834,1321
301,0.4848916232585907,160
302,0.4848877489566803,879
303,0.4847235083580017,57
304,0.4846985340118408,955
305,0.4846746623516083,766
306,0.4845767021179199,746
307,0.48423489928245544,1666
308,0.4837733209133148,1250
309,0.4836585819721222,303
310,0.4836216866970062,1494
311,0.483056902885437,644
312,0.48286572098731995,586
313,0.4828170835971832,1009
314,0.4827228784561157,1991
315,0.4825640916824341,1359
316,0.48250696063041687,168
317,0.48199716210365295,843
318,0.4819503128528595,266
319,0.4818921387195587,333
320,0.4818800389766693,1328
321,0.4818779528141022,2027
322,0.481855183839798,1816
323,0.4815262258052826,1579
324,0.4811687171459198,70
325,0.4809620976448059,861
326,0.4808669686317444,686
327,0.4805923104286194,865
328,0.4804784953594208,1639
329,0.4800666272640228,1344
330,0.48000362515449524,1220
331,0.47992196679115295,447
332,0.4799135625362396,194
333,0.47978854179382324,915
334,0.4797389507293701,26
335,0.47956734895706177,835
336,0.479419082403183,450
337,0.47938817739486694,672
338,0.4790889322757721,402
339,0.47908538579940796,717
340,0.47889748215675354,1505
341,0.47881850600242615,1440
342,0.4787582755088806,1598
343,0.4782636761665344,18
344,0.47794267535209656,444
345,0.47788283228874207,864
346,0.47784098982810974,1977
347,0.47764429450035095,1395
348,0.4775272011756897,1346
349,0.4769652783870697,1514
350,0.4768310487270355,920
351,0.4763755798339844,241
352,0.4763544499874115,2051
353,0.47617924213409424,958
354,0.47586730122566223,1360
355,0.47578731179237366,962
356,0.47565367817878723,1938
357,0.47561827301979065,1348
358,0.4750059247016907,1953
359,0.47499045729637146,685
360,0.4746566116809845,55
361,0.4746522009372711,426
362,0.4745228886604309,1631
363,0.47433772683143616,166
364,0.4742887318134308,1634
365,0.47427231073379517,354
366,0.47405338287353516,886
367,0.47380807995796204,1561
368,0.4733051061630249,1311
369,0.4731060862541199,1606
370,0.47273412346839905,576
371,0.4722294211387634,738
372,0.47212544083595276,51
373,0.4720114767551422,1858
374,0.4715723991394043,1012
375,0.4713533818721771,495
376,0.47134947776794434,1080
377,0.4712403416633606,580
378,0.4709516167640686,912
379,0.4709358513355255,278
380,0.4708097279071808,2060
381,0.4707649350166321,396
382,0.47052091360092163,1790
383,0.47051697969436646,929
384,0.47012409567832947,1550
385,0.46988749504089355,1481
386,0.46971186995506287,548
387,0.46964192390441895,29
388,0.46929633617401123,432
389,0.4692472517490387,1023
390,0.4692109525203705,981
391,0.469169557094574,1519
392,0.46913430094718933,1932
393,0.468757688999176,38
394,0.4685974419116974,1545
395,0.46841543912887573,1025
396,0.4683414697647095,376
397,0.4681497812271118,390
398,0.46809548139572144,1661
399,0.4680546224117279,146
400,0.46794191002845764,1783
401,0.467882364988327,914
402,0.4678814113140106,345
403,0.46787187457084656,1151
404,0.4678230881690979,1491
405,0.46773388981819153,515
406,0.46749675273895264,597
407,0.46743807196617126,829
408,0.46736329793930054,1802
409,0.4672870635986328,1495
410,0.467167466878891,464
411,0.46684905886650085,563
412,0.46632999181747437,1689
413,0.46609199047088623,113
414,0.4660579562187195,1540
415,0.46588990092277527,1659
416,0.465865820646286,1925
417,0.4658272862434387,2029
418,0.4658059775829315,360
419,0.46568915247917175,240
420,0.4656529128551483,494
421,0.46564388275146484,371
422,0.465587854385376,934
423,0.4653654396533966,1450
424,0.46518442034721375,758
425,0.4650614857673645,1585
426,0.4650372564792633,182
427,0.46475741267204285,1293
428,0.46475425362586975,216
429,0.4645357131958008,992
430,0.4643988311290741,225
431,0.46433770656585693,1119
432,0.46424299478530884,991
433,0.46421101689338684,414
434,0.46410271525382996,1789
435,0.4639130234718323,881
436,0.46391260623931885,1511
437,0.4638853669166565,1016
438,0.4638846814632416,17
439,0.4638250768184662,1529
440,0.4634090065956116,1443
441,0.4633205831050873,550
442,0.46320420503616333,313
443,0.4629347026348114,754
444,0.4628675878047943,2009
445,0.46275022625923157,1717
446,0.4625941216945648,1058
447,0.46255531907081604,575
448,0.46255064010620117,1106
449,0.4624118208885193,578
450,0.4623822271823883,919
451,0.46230730414390564,545
452,0.4622306227684021,690
453,0.46220070123672485,538
454,0.4621676206588745,606
455,0.462164044380188,1516
456,0.4621019959449768,480
457,0.46203356981277466,10
458,0.46177899837493896,151
459,0.46153196692466736,605
460,0.4614802598953247,910
461,0.46141037344932556,1575
462,0.4613848328590393,1496
463,0.4612789452075958,72
464,0.46113821864128113,1281
465,0.46106699109077454,2084
466,0.4608597755432129,1285
467,0.46084970235824585,819
468,0.46080756187438965,1389
469,0.46077170968055725,2109
470,0.46072226762771606,1930
471,0.46055272221565247,2067
472,0.4604536294937134,1122
473,0.46042969822883606,1506
474,0.4603233337402344,607
475,0.46027785539627075,359
476,0.4601922631263733,1353
477,0.46017956733703613,2075
478,0.46010079979896545,1329
479,0.459964781999588,78
480,0.459909051656723,866
481,0.4594937264919281,231
482,0.4593123197555542,1882
483,0.4592480957508087,1812
484,0.45912840962409973,272
485,0.4588033854961395,789
486,0.45870381593704224,2021
487,0.4586871862411499,1315
488,0.4585522413253784,1582
489,0.45854446291923523,109
490,0.45848190784454346,532
491,0.4582633376121521,801
492,0.45816779136657715,1355
493,0.4581354558467865,792
494,0.4581215977668762,2088
495,0.45809727907180786,631
496,0.45805859565734863,262
497,0.45801201462745667,258
498,0.4578929543495178,465
499,0.4578346312046051,855
500,0.4577103853225708,658
501,0.4576301872730255,884
502,0.4574457108974457,1663
503,0.4574340879917145,860
504,0.4573867917060852,1347
505,0.457348495721817,1463
506,0.45729708671569824,1968
507,0.4571476876735687,1276
508,0.457121342420578,212
509,0.4571138024330139,199
510,0.45679134130477905,1534
511,0.456548273563385,784
512,0.4565335214138031,1418
513,0.45644181966781616,4
514,0.456356406211853,1543
515,0.45609599351882935,1460
516,0.4558848738670349,995
517,0.4558666944503784,427
518,0.455727219581604,1584
519,0.4556103050708771,1499
520,0.4555351436138153,206
521,0.4555087983608246,1319
522,0.455172598361969,974
523,0.4550629258155823,1318
524,0.4550301432609558,261
525,0.4548017084598541,353
526,0.4547072947025299,1535
527,0.45466315746307373,498
528,0.4545932412147522,1610
529,0.4542076587677002,273
530,0.4541034400463104,1127
531,0.4539751708507538,673
532,0.4538204073905945,107
533,0.45366165041923523,541
534,0.4536178708076477,337
535,0.4535495936870575,119
536,0.4532255530357361,1971
537,0.45299485325813293,2114
538,0.45285090804100037,1078
539,0.45284193754196167,131
540,0.45278701186180115,211
541,0.4525686800479889,346
542,0.45254385471343994,45
543,0.4525381624698639,1420
544,0.4525170922279358,1437
545,0.45250439643859863,870
546,0.4524787962436676,1824
547,0.45236873626708984,1531
548,0.45225057005882263,676
549,0.4518719017505646,980
550,0.4518507421016693,334
551,0.4518473446369171,1835
552,0.45178139209747314,1537
553,0.45167428255081177,332
554,0.45120927691459656,255
555,0.45114102959632874,1416
556,0.4511284828186035,1830
557,0.4506866931915283,1339
558,0.45067399740219116,21
559,0.45062780380249023,482
560,0.4506087303161621,1538
561,0.4505956768989563,1141
562,0.4504864513874054,1207
563,0.45033708214759827,1375
564,0.45024433732032776,723
565,0.45006757974624634,1287
566,0.45005714893341064,1546
567,0.4500054717063904,379
568,0.4498920738697052,809
569,0.4497700333595276,622
570,0.44971027970314026,1146
571,0.44932520389556885,1084
572,0.4493052065372467,2049
573,0.44928914308547974,400
574,0.4492673873901367,1107
575,0.44915369153022766,2113
576,0.4490901231765747,878
577,0.4489082992076874,1247
578,0.4488433599472046,223
579,0.44866806268692017,625
580,0.44856107234954834,2023
581,0.448456734418869,808
582,0.44842249155044556,1342
583,0.4483536183834076,1371
584,0.44810810685157776,124
585,0.448083758354187,1560
586,0.44798871874809265,203
587,0.4479246437549591,692
588,0.44774171710014343,66
589,0.4476832449436188,1096
590,0.447674959897995,741
591,0.44742539525032043,1221
592,0.4473124146461487,942
593,0.4468404948711395,205
594,0.44676026701927185,271
595,0.4467189908027649,1330
596,0.4466559886932373,1109
597,0.4466550946235657,1569
598,0.4466246962547302,1558
599,0.44661077857017517,2041
600,0.44643670320510864,247
601,0.44641774892807007,1019
602,0.446403831243515,1801
603,0.446325421333313,517
604,0.4462500512599945,811
605,0.44618475437164307,222
606,0.44613558053970337,14
607,0.44577890634536743,11
608,0.44560426473617554,763
609,0.44553589820861816,1650
610,0.44539663195610046,2112
611,0.44526877999305725,1213
612,0.4452356994152069,177
613,0.44522902369499207,765
614,0.44518738985061646,1565
615,0.4451395273208618,2103
616,0.4451276361942291,1979
617,0.44483768939971924,1446
618,0.44476526975631714,1539
619,0.44474905729293823,1128
620,0.4445560872554779,1466
621,0.44441062211990356,449
622,0.4443276822566986,418
623,0.4439820945262909,487
624,0.4439102113246918,431
625,0.4438830316066742,2108
626,0.4438609778881073,1551
627,0.4436972737312317,373
628,0.44357064366340637,9
629,0.44353193044662476,1304
630,0.44352659583091736,1060
631,0.4433179199695587,608
632,0.44326624274253845,2042
633,0.4432196617126465,1975
634,0.4431729316711426,1205
635,0.44306379556655884,620
636,0.4428311288356781,649
637,0.4427536129951477,2110
638,0.44269925355911255,896
639,0.44268855452537537,2005
640,0.4426761269569397,1476
641,0.4426020085811615,1596
642,0.4422760307788849,2020
643,0.4422074556350708,2080
644,0.4421361982822418,1864
645,0.4420274496078491,964
646,0.4418535828590393,1949
647,0.4416927099227905,1605
648,0.44157665967941284,1139
649,0.4415031373500824,1237
650,0.4414565861225128,528
651,0.44122934341430664,656
652,0.4410868287086487,1008
653,0.4407615065574646,461
654,0.4406750500202179,1120
655,0.44067010283470154,1871
656,0.44063735008239746,1622
657,0.44057413935661316,1098
658,0.4403858184814453,169
659,0.44034650921821594,1197
660,0.4403417408466339,1394
661,0.4403245151042938,493
662,0.44014403223991394,1235
663,0.44011300802230835,1212
664,0.44001662731170654,2107
665,0.4398616850376129,1326
666,0.4397304356098175,1573
667,0.43923401832580566,254
668,0.4388985335826874,568
669,0.438838928937912,1134
670,0.4387226700782776,2014
671,0.438404381275177,170
672,0.43839043378829956,610
673,0.4383292496204376,489
674,0.43829262256622314,281
675,0.43823301792144775,248
676,0.4381822943687439,669
677,0.43792301416397095,1143
678,0.43785423040390015,20
679,0.4378407895565033,900
680,0.43782737851142883,1338
681,0.43776214122772217,407
682,0.43775612115859985,1211
683,0.4376300573348999,139
684,0.4376158118247986,1284
685,0.43756675720214844,782
686,0.4375110864639282,1458
687,0.4374069273471832,2085
688,0.4372938871383667,324
689,0.43712902069091797,813
690,0.43704837560653687,2105
691,0.43699172139167786,762
692,0.43680593371391296,1335
693,0.43678343296051025,172
694,0.43668127059936523,990
695,0.4366743862628937,496
696,0.4363720417022705,1685
697,0.43635883927345276,838
698,0.43621084094047546,516
699,0.43620172142982483,1989
700,0.43605390191078186,7
701,0.436040997505188,1578
702,0.4360072910785675,987
703,0.4359937906265259,1199
704,0.43599051237106323,1916
705,0.43589410185813904,1583
706,0.43583235144615173,714
707,0.43548011779785156,1382
708,0.4354679584503174,2028
709,0.4354267716407776,675
710,0.43532031774520874,352
711,0.4352049231529236,1470
712,0.4351420998573303,2104
713,0.4350849986076355,1670
714,0.4350138008594513,535
715,0.43494024872779846,1158
716,0.4346616268157959,933
717,0.4346294403076172,1219
718,0.43449047207832336,433
719,0.43448469042778015,1052
720,0.43445920944213867,1286
721,0.43444526195526123,634
722,0.4343312084674835,1110
723,0.4341306984424591,1917
724,0.43411463499069214,232
725,0.4341033101081848,1618
726,0.43410253524780273,1478
727,0.4340485632419586,1176
728,0.4339277744293213,1868
729,0.4338574707508087,871
730,0.43377381563186646,830
731,0.43347877264022827,317
732,0.4334530234336853,1327
733,0.4330340623855591,1653
734,0.43289485573768616,643
735,0.4327635169029236,666
736,0.4326809048652649,947
737,0.43258237838745117,457
738,0.4325805604457855,1091
739,0.43213075399398804,12
740,0.4320644438266754,1048
741,0.4319522976875305,710
742,0.43183445930480957,696
743,0.43175482749938965,560
744,0.4316708445549011,1612
745,0.4315947890281677,1236
746,0.4313070476055145,84
747,0.431296706199646,1702
748,0.43107542395591736,1503
749,0.4310294985771179,1517
750,0.43101951479911804,306
751,0.4309694468975067,954
752,0.4309466481208801,1279
753,0.43087607622146606,1508
754,0.4306999444961548,1682
755,0.4306991696357727,125
756,0.430593878030777,446
757,0.43049079179763794,1046
758,0.430480033159256,388
759,0.4303987920284271,1836
760,0.43023768067359924,1297
761,0.43018922209739685,868
762,0.4301215410232544,740
763,0.4301162362098694,1526
764,0.43010297417640686,1921
765,0.4300828278064728,404
766,0.4299326539039612,71
767,0.4299016296863556,176
768,0.42989692091941833,1042
769,0.4297618567943573,2007
770,0.4295709431171417,642
771,0.4294271469116211,67
772,0.4290795922279358,477
773,0.4290434718132019,960
774,0.42889073491096497,1045
775,0.4288790225982666,1204
776,0.4288613796234131,1156
777,0.4288029074668884,2119
778,0.42866283655166626,123
779,0.4286002814769745,1686
780,0.4280584752559662,1528
781,0.42797917127609253,1412
782,0.4278590977191925,695
783,0.42776840925216675,280
784,0.4277288615703583,753
785,0.42764702439308167,518
786,0.42762434482574463,1013
787,0.4275953471660614,217
788,0.42742273211479187,1851
789,0.4271148443222046,1711
790,0.4269966781139374,810
791,0.4268639087677002,1248
792,0.4267546534538269,2065
793,0.4267268478870392,2057
794,0.42668429017066956,381
795,0.42655080556869507,1854
796,0.4264869689941406,1232
797,0.4264869689941406,1193
798,0.42645591497421265,965
799,0.4264279305934906,1910
800,0.4263785183429718,972
801,0.4262593388557434,1124
802,0.4262389540672302,350
803,0.42619284987449646,708
804,0.4261836111545563,1309
805,0.42570072412490845,1406
806,0.42566582560539246,111
807,0.4256398379802704,722
808,0.425530344247818,626
809,0.42550143599510193,894
810,0.4254646897315979,1832
811,0.42512863874435425,1614
812,0.4249213635921478,1188
813,0.4249052405357361,1834
814,0.42488259077072144,1757
815,0.4247487485408783,1020
816,0.4247048497200012,128
817,0.4244917333126068,64
818,0.42444470524787903,246
819,0.4243628680706024,1100
820,0.42433086037635803,1592
821,0.4243031442165375,1607
822,0.42378678917884827,1611
823,0.42375755310058594,542
824,0.4234955310821533,1035
825,0.4233226776123047,1301
826,0.4232541620731354,1787
827,0.4232277274131775,340
828,0.4230941832065582,1029
829,0.4230457842350006,0
830,0.4229641258716583,1848
831,0.4229089021682739,1417
832,0.42277416586875916,1345
833,0.42269930243492126,1671
834,0.42239031195640564,1380
835,0.4223863184452057,598
836,0.4223722219467163,1951
837,0.4223327338695526,1268
838,0.4222695231437683,2038
839,0.4222404956817627,1086
840,0.4222201108932495,826
841,0.422166109085083,1471
842,0.4221198856830597,239
843,0.42201998829841614,76
844,0.42195791006088257,210
845,0.4219471514225006,683
846,0.4218822717666626,882
847,0.42183929681777954,1961
848,0.4215887188911438,2073
849,0.4215095043182373,215
850,0.4214572310447693,1799
851,0.42140915989875793,632
852,0.421357661485672,2102
853,0.42135706543922424,1872
854,0.42099031805992126,1559
855,0.42089587450027466,1633
856,0.4208572208881378,283
857,0.4208386540412903,705
858,0.4202999770641327,1487
859,0.4202635586261749,383
860,0.4202243983745575,1619
861,0.4202083647251129,1164
862,0.4200899302959442,781
863,0.4200734496116638,628
864,0.4200153052806854,127
865,0.4200000762939453,703
866,0.4198925495147705,520
867,0.4197152554988861,1981
868,0.419596791267395,1114
869,0.4194779694080353,702
870,0.4194568693637848,62
871,0.4194381833076477,773
872,0.4193272888660431,1149
873,0.4192984998226166,1604
874,0.4191630184650421,133
875,0.4191085696220398,1655
876,0.41908925771713257,1129
877,0.41873615980148315,700
878,0.41866639256477356,913
879,0.4184151589870453,1018
880,0.41834017634391785,179
881,0.41831523180007935,1712
882,0.4182880222797394,1924
883,0.4181978702545166,1950
884,0.41801905632019043,275
885,0.41801878809928894,501
886,0.41793352365493774,438
887,0.4178553819656372,292
888,0.41785284876823425,16
889,0.41771242022514343,309
890,0.41765445470809937,1642
891,0.4175552427768707,251
892,0.4175187945365906,467
893,0.41745665669441223,1429
894,0.41734299063682556,2121
895,0.4172365963459015,795
896,0.4171130657196045,677
897,0.41699787974357605,2011
898,0.4169877767562866,1704
899,0.41673973202705383,1542
900,0.4167322516441345,1488
901,0.4166472852230072,394
902,0.4166452884674072,421
903,0.4165535569190979,737
904,0.41651487350463867,1228
905,0.41646453738212585,1422
906,0.41642794013023376,951
907,0.41642794013023376,596
908,0.41631370782852173,285
909,0.41627731919288635,1246
910,0.41622376441955566,1805
911,0.4161718487739563,1656
912,0.4161635935306549,1015
913,0.41589340567588806,2072
914,0.4158286452293396,1094
915,0.41576582193374634,982
916,0.4157358705997467,183
917,0.41569608449935913,1641
918,0.4155392348766327,1577
919,0.41547003388404846,745
920,0.4154035747051239,770
921,0.415361613035202,1185
922,0.4152914583683014,1230
923,0.4151890277862549,315
924,0.4151095151901245,372
925,0.4149797856807709,885
926,0.4148719608783722,408
927,0.41481614112854004,479
928,0.4145765006542206,77
929,0.41443702578544617,791
930,0.4140901565551758,716
931,0.41352128982543945,362
932,0.41341760754585266,274
933,0.41323477029800415,1372
934,0.41320177912712097,742
935,0.4131917357444763,1710
936,0.4131658971309662,1317
937,0.41315171122550964,883
938,0.41314584016799927,2062
939,0.41314318776130676,2030
940,0.4130457937717438,1933
941,0.4129779040813446,1312
942,0.41297271847724915,1226
943,0.4128669202327728,355
944,0.4127081334590912,152
945,0.4126017093658447,1216
946,0.4125650227069855,1198
947,0.4124792516231537,191
948,0.41240498423576355,2078
949,0.41240301728248596,1654
950,0.4123161733150482,1378
951,0.4123161733150482,1354
952,0.4122130870819092,1424
953,0.412081778049469,831
954,0.41205090284347534,1277
955,0.41204655170440674,713
956,0.4119689464569092,1208
957,0.41194891929626465,1336
958,0.41179925203323364,1507
959,0.4117874801158905,1320
960,0.4116643965244293,100
961,0.411560595035553,725
962,0.4115508198738098,1620
963,0.4115241467952728,1034
964,0.4115206301212311,478
965,0.4114859700202942,682
966,0.4113989770412445,358
967,0.4111745357513428,65
968,0.4111407697200775,1964
969,0.410978764295578,989
970,0.4109216034412384,1672
971,0.4106501638889313,1404
972,0.41045987606048584,1238
973,0.4103466272354126,1308
974,0.410292387008667,209
975,0.41023480892181396,2082
976,0.4101177155971527,132
977,0.4097931981086731,1480
978,0.4097876250743866,630
979,0.4097774922847748,567
980,0.4096827208995819,590
981,0.4096432328224182,569
982,0.40956711769104004,1923
983,0.4094342291355133,1521
984,0.4094092547893524,1462
985,0.40933799743652344,1425
986,0.4093189835548401,1047
987,0.4092177152633667,1257
988,0.40920430421829224,1324
989,0.40908902883529663,1727
990,0.40906715393066406,1806
991,0.4090084433555603,646
992,0.4089075028896332,841
993,0.408805787563324,1587
994,0.4086705148220062,140
995,0.4086511731147766,1571
996,0.4082387387752533,1392
997,0.4080365300178528,257
998,0.4079649746417999,1465
999,0.40773868560791016,1775
1000,0.40758925676345825,1638
1001,0.4074994623661041,1244
1002,0.40749093890190125,565
1003,0.40742090344429016,617
1004,0.40738826990127563,1664
1005,0.4072069227695465,2056
1006,0.4071897268295288,1085
1007,0.40712249279022217,911
1008,0.4071212112903595,6
1009,0.40705204010009766,1054
1010,0.4068925976753235,848
1011,0.4068904221057892,1441
1012,0.4068165421485901,389
1013,0.40660008788108826,1069
1014,0.406486451625824,1243
1015,0.406358927488327,1126
1016,0.4062788188457489,318
1017,0.4062487483024597,351
1018,0.4061596989631653,852
1019,0.40600359439849854,1363
1020,0.40590324997901917,1367
1021,0.4057041108608246,1679
1022,0.4054737091064453,202
1023,0.40546277165412903,349
1024,0.40537893772125244,909
1025,0.4049772620201111,22
1026,0.4049299657344818,699
1027,0.40466803312301636,1878
1028,0.4046610891819,1254
1029,0.4045626223087311,749
1030,0.4045269787311554,1564
1031,0.4044508934020996,2098
1032,0.4041701853275299,1541
1033,0.404071569442749,998
1034,0.4040175974369049,1407
1035,0.40395256876945496,1690
1036,0.4039180874824524,1617
1037,0.4037899374961853,583
1038,0.4034610092639923,1227
1039,0.4033757150173187,1601
1040,0.4032078981399536,1245
1041,0.40318968892097473,1108
1042,0.40306514501571655,2081
1043,0.4030604660511017,539
1044,0.4030090868473053,321
1045,0.4029722511768341,173
1046,0.40294337272644043,108
1047,0.40292003750801086,1444
1048,0.40282464027404785,1960
1049,0.4027966558933258,2095
1050,0.4027000069618225,2044
1051,0.4026128053665161,174
1052,0.4025930166244507,1137
1053,0.4025771915912628,1563
1054,0.40252935886383057,458
1055,0.40247395634651184,1431
1056,0.4023931622505188,2069
1057,0.4022824764251709,732
1058,0.4021535813808441,1398
1059,0.40201038122177124,1688
1060,0.40179234743118286,779
1061,0.40177860856056213,621
1062,0.4017535150051117,1636
1063,0.4016541540622711,1468
1064,0.4014868438243866,1090
1065,0.40142419934272766,1307
1066,0.40130987763404846,90
1067,0.4010968506336212,290
1068,0.40108785033226013,1595
1069,0.40099450945854187,1393
1070,0.40097776055336,1946
1071,0.400953471660614,771
1072,0.40077638626098633,143
1073,0.40074241161346436,1474
1074,0.4006631374359131,193
1075,0.4004172384738922,604
1076,0.40025612711906433,1695
1077,0.40023210644721985,1616
1078,0.40022215247154236,688
1079,0.4001503586769104,922
1080,0.4001275599002838,558
1081,0.4000639021396637,1400
1082,0.40003862977027893,814
1083,0.3999088406562805,1000
1084,0.39987486600875854,619
1085,0.3998364210128784,1039
1086,0.39972931146621704,932
1087,0.399566650390625,50
1088,0.399546355009079,1075
1089,0.3994409441947937,1668
1090,0.3994123339653015,500
1091,0.39941197633743286,1697
1092,0.39912787079811096,1853
1093,0.3988853991031647,2055
1094,0.39888471364974976,436
1095,0.3988816440105438,1510
1096,0.39884546399116516,1602
1097,0.39879730343818665,338
1098,0.398666113615036,1718
1099,0.3983815014362335,1269
1100,0.3983689248561859,1251
1101,0.39816996455192566,755
1102,0.398104190826416,711
1103,0.39791420102119446,1234
1104,0.3979074954986572,547
1105,0.39782360196113586,663
1106,0.3977414071559906,366
1107,0.3977349102497101,32
1108,0.39764338731765747,158
1109,0.397523432970047,635
1110,0.3974648714065552,1331
1111,0.3974602222442627,1557
1112,0.3973918855190277,961
1113,0.39722684025764465,1290
1114,0.39704880118370056,1980
1115,0.3970435857772827,103
1116,0.39702433347702026,1740
1117,0.3968190848827362,2039
1118,0.39662519097328186,1600
1119,0.3964988589286804,2076
1120,0.3964806795120239,693
1121,0.39626452326774597,1692
1122,0.39626383781433105,1472
1123,0.39590609073638916,1456
1124,0.39584657549858093,963
1125,0.3957434892654419,536
1126,0.3956969380378723,1179
1127,0.395562082529068,150
1128,0.39550262689590454,287
1129,0.39548829197883606,1148
1130,0.3954103887081146,1773
1131,0.39538511633872986,244
1132,0.39525678753852844,1172
1133,0.3952086269855499,1879
1134,0.3950398862361908,689
1135,0.3948284685611725,761
1136,0.39479345083236694,1383
1137,0.39466843008995056,1696
1138,0.3945634365081787,69
1139,0.3944961130619049,185
1140,0.3944248557090759,134
1141,0.394319087266922,815
1142,0.3942856788635254,1987
1143,0.39400455355644226,8
1144,0.39379629492759705,33
1145,0.39376795291900635,1097
1146,0.39350011944770813,1357
1147,0.39348989725112915,1021
1148,0.3934594392776489,1261
1149,0.3934098482131958,420
1150,0.39336323738098145,1191
1151,0.3930000364780426,40
1152,0.3929765522480011,2118
1153,0.39286667108535767,1794
1154,0.3928413689136505,410
1155,0.39268460869789124,1163
1156,0.3926842510700226,1214
1157,0.3926292061805725,1475
1158,0.3925825357437134,1076
1159,0.39246681332588196,1498
1160,0.39245185256004333,1210
1161,0.3924378752708435,2054
1162,0.39235109090805054,1512
1163,0.39232221245765686,88
1164,0.392193078994751,1365
1165,0.3920322358608246,902
1166,0.39202091097831726,1867
1167,0.39195358753204346,833
1168,0.39172330498695374,940
1169,0.39172133803367615,1180
1170,0.39167749881744385,1515
1171,0.39153411984443665,2093
1172,0.39142969250679016,778
1173,0.3914080858230591,1337
1174,0.39132237434387207,1102
1175,0.3911793828010559,647
1176,0.3911112844944,582
1177,0.3910509943962097,270
1178,0.3910175561904907,1132
1179,0.39082956314086914,844
1180,0.3904895484447479,748
1181,0.3904895484447479,668
1182,0.3904760479927063,697
1183,0.3904227018356323,1239
1184,0.3902324140071869,1316
1185,0.39021068811416626,743
1186,0.3901318311691284,1010
1187,0.3900597393512726,891
1188,0.3899933099746704,219
1189,0.3899928629398346,614
1190,0.3899700343608856,796
1191,0.38992297649383545,618
1192,0.3899046778678894,653
1193,0.3898559510707855,1092
1194,0.38975560665130615,664
1195,0.38966652750968933,924
1196,0.38933539390563965,1454
1197,0.38925668597221375,1828
1198,0.38919711112976074,895
1199,0.3891804814338684,921
1200,0.3890914022922516,1121
1201,0.38845983147621155,735
1202,0.38840267062187195,98
1203,0.38828718662261963,793
1204,0.3881349563598633,1678
1205,0.38813453912734985,299
1206,0.3880760669708252,1973
1207,0.38793113827705383,698
1208,0.3878747224807739,854
1209,0.3877966105937958,1763
1210,0.3877479135990143,195
1211,0.38764688372612,192
1212,0.38751938939094543,486
1213,0.38751938939094543,235
1214,0.3875151574611664,475
1215,0.3874630033969879,1423
1216,0.3873414993286133,1699
1217,0.38730543851852417,2096
1218,0.3872348666191101,1453
1219,0.38722577691078186,5
1220,0.3871351480484009,411
1221,0.387027770280838,623
1222,0.3869759440422058,470
1223,0.3868005573749542,1218
1224,0.38675540685653687,149
1225,0.3866117596626282,89
1226,0.38660162687301636,850
1227,0.3862861096858978,944
1228,0.38623759150505066,2043
1229,0.3861329257488251,609
1230,0.386091947555542,1956
1231,0.38584455847740173,1929
1232,0.3857792913913727,445
1233,0.38574910163879395,1552
1234,0.3857393264770508,1223
1235,0.38572195172309875,1
1236,0.3854975998401642,943
1237,0.38527652621269226,190
1238,0.38520482182502747,1289
1239,0.3851447105407715,1171
1240,0.38474714756011963,230
1241,0.38461604714393616,1011
1242,0.3845457136631012,836
1243,0.38444772362709045,1374
1244,0.38437122106552124,1306
1245,0.3842712342739105,1728
1246,0.3841637372970581,307
1247,0.38416293263435364,443
1248,0.38407599925994873,1231
1249,0.38407599925994873,1192
1250,0.38389694690704346,986
1251,0.3838299810886383,729
1252,0.383784681558609,1943
1253,0.3836767077445984,298
1254,0.3835032880306244,1533
1255,0.3834877908229828,701
1256,0.38346144556999207,440
1257,0.38329777121543884,87
1258,0.38324663043022156,533
1259,0.3828846514225006,1819
1260,0.3828149735927582,302
1261,0.38270771503448486,1402
1262,0.38253897428512573,1294
1263,0.38220927119255066,504
1264,0.3821367919445038,412
1265,0.38208043575286865,2017
1266,0.38202962279319763,1841
1267,0.3819121718406677,2046
1268,0.3818776309490204,1215
1269,0.38186338543891907,1937
1270,0.3818483352661133,184
1271,0.3818078935146332,2115
1272,0.3815414309501648,946
1273,0.38142135739326477,2092
1274,0.3813736140727997,639
1275,0.3811960518360138,1988
1276,0.3811230957508087,142
1277,0.38109591603279114,2050
1278,0.3810771405696869,269
1279,0.3808749318122864,1350
1280,0.38087233901023865,928
1281,0.38081005215644836,1403
1282,0.38079750537872314,875
1283,0.3807927966117859,1817
1284,0.3806913495063782,1162
1285,0.38049793243408203,1152
1286,0.3801746070384979,1153
1287,0.3801151216030121,812
1288,0.3800768554210663,671
1289,0.3800690174102783,1442
1290,0.3800097405910492,1849
1291,0.37997716665267944,1401
1292,0.37997081875801086,267
1293,0.3799126148223877,572
1294,0.3798961043357849,252
1295,0.379830002784729,1926
1296,0.3794570565223694,581
1297,0.379445880651474,48
1298,0.3793914318084717,1553
1299,0.37938907742500305,1473
1300,0.3793691098690033,1183
1301,0.3793472647666931,96
1302,0.37922459840774536,957
1303,0.3789982497692108,1072
1304,0.3789752423763275,1954
1305,0.3789686858654022,115
1306,0.37883859872817993,2018
1307,0.3787201941013336,1706
1308,0.3786618709564209,1698
1309,0.3786381483078003,1866
1310,0.378593772649765,736
1311,0.37847381830215454,734
1312,0.3784541189670563,197
1313,0.3783595561981201,15
1314,0.3783079981803894,1150
1315,0.37826868891716003,1241
1316,0.3782324194908142,873
1317,0.3781825602054596,612
1318,0.3781615197658539,314
1319,0.37811288237571716,874
1320,0.3781054615974426,1815
1321,0.37810447812080383,759
1322,0.3780900835990906,1562
1323,0.37806618213653564,925
1324,0.378054141998291,208
1325,0.37802958488464355,502
1326,0.3778814971446991,1369
1327,0.3777751922607422,129
1328,0.37771737575531006,452
1329,0.37760818004608154,1187
1330,0.3775784969329834,785
1331,0.3774987757205963,1723
1332,0.377347469329834,1713
1333,0.37727150321006775,526
1334,0.3771907389163971,1777
1335,0.3770773112773895,1676
1336,0.37694236636161804,1941
1337,0.37690797448158264,1396
1338,0.37688642740249634,768
1339,0.37676143646240234,1280
1340,0.37676024436950684,1707
1341,0.3767116069793701,1408
1342,0.3766860365867615,1902
1343,0.37665852904319763,1942
1344,0.37664979696273804,1555
1345,0.37655919790267944,2074
1346,0.3763565421104431,1464
1347,0.3762548863887787,1194
1348,0.37624022364616394,348
1349,0.37623727321624756,1479
1350,0.3761749863624573,890
1351,0.3759905993938446,1719
1352,0.37595275044441223,2052
1353,0.3758426308631897,1525
1354,0.3757982850074768,1203
1355,0.3757947087287903,13
1356,0.37572118639945984,428
1357,0.3757174015045166,1305
1358,0.37564346194267273,304
1359,0.37557703256607056,1173
1360,0.3755658268928528,2006
1361,0.37555333971977234,588
1362,0.3752768039703369,1081
1363,0.3752760887145996,718
1364,0.37505680322647095,2070
1365,0.37497296929359436,1919
1366,0.37494373321533203,1024
1367,0.3748667538166046,513
1368,0.37466809153556824,571
1369,0.3745194971561432,2089
1370,0.37419939041137695,603
1371,0.37408924102783203,1118
1372,0.3740314841270447,2124
1373,0.37395936250686646,949
1374,0.3739555776119232,772
1375,0.3738498389720917,2010
1376,0.3738069236278534,977
1377,0.373455286026001,1030
1378,0.3732965290546417,1007
1379,0.3732244074344635,2040
1380,0.373171865940094,1131
1381,0.37311598658561707,1651
1382,0.3730195164680481,1771
1383,0.3729640543460846,506
1384,0.372659295797348,1736
1385,0.3723047375679016,1130
1386,0.372259259223938,917
1387,0.3722137212753296,1325
1388,0.37208881974220276,1055
1389,0.3720391094684601,1877
1390,0.372018963098526,1136
1391,0.37201014161109924,2015
1392,0.37195712327957153,1104
1393,0.3718373477458954,1724
1394,0.3718157112598419,1270
1395,0.3717155456542969,1026
1396,0.37143248319625854,1997
1397,0.3713103234767914,1978
1398,0.37125223875045776,892
1399,0.3712478578090668,1589
1400,0.37121909856796265,730
1401,0.37115344405174255,1907
1402,0.3711274266242981,1786
1403,0.37088754773139954,1116
1404,0.3707703948020935,1920
1405,0.3705872595310211,2045
1406,0.37038278579711914,3
1407,0.37029555439949036,1776
1408,0.37024715542793274,135
1409,0.3702358603477478,37
1410,0.3702333867549896,859
1411,0.36997297406196594,1658
1412,0.3697451949119568,570
1413,0.3696397542953491,277
1414,0.3696174919605255,1064
1415,0.3695838749408722,2
1416,0.3695208728313446,1859
1417,0.36945101618766785,1549
1418,0.3691284656524658,1693
1419,0.36904534697532654,1449
1420,0.3690277934074402,44
1421,0.3688969910144806,1368
1422,0.36876630783081055,419
1423,0.36875367164611816,1927
1424,0.3687466084957123,1177
1425,0.3687405288219452,1629
1426,0.36870071291923523,1202
1427,0.36861297488212585,1033
1428,0.36854901909828186,1145
1429,0.36852359771728516,1255
1430,0.36848920583724976,2032
1431,0.36838299036026,1070
1432,0.3682490587234497,1993
1433,0.3682389557361603,1265
1434,0.3679905831813812,984
1435,0.3679603040218353,264
1436,0.3678955137729645,652
1437,0.3678208291530609,1313
1438,0.36724525690078735,323
1439,0.36697614192962646,2033
1440,0.3667749762535095,1190
1441,0.36677125096321106,75
1442,0.3666156530380249,34
1443,0.36650559306144714,858
1444,0.3664255440235138,827
1445,0.36642488837242126,330
1446,0.36622297763824463,460
1447,0.3659403324127197,1955
1448,0.3658735752105713,416
1449,0.36585888266563416,1646
1450,0.36581969261169434,1484
1451,0.36567771434783936,1520
1452,0.3656282126903534,941
1453,0.3653375804424286,86
1454,0.36523932218551636,1292
1455,0.365237295627594,1459
1456,0.3652290999889374,1196
1457,0.36516568064689636,1434
1458,0.3650659918785095,1125
1459,0.3649248480796814,1588
1460,0.36486902832984924,2094
1461,0.3648531436920166,1469
1462,0.36485111713409424,1865
1463,0.36465638875961304,1999
1464,0.3646456301212311,887
1465,0.36463552713394165,1160
1466,0.3645663857460022,1302
1467,0.36451321840286255,1089
1468,0.36446312069892883,2008
1469,0.3642845153808594,1477
1470,0.36421599984169006,760
1471,0.36413440108299255,118
1472,0.3641253709793091,393
1473,0.3639432191848755,455
1474,0.3639012277126312,1242
1475,0.363846093416214,220
1476,0.3637735843658447,186
1477,0.3637223243713379,429
1478,0.3637206256389618,552
1479,0.3637111485004425,456
1480,0.36367976665496826,1155
1481,0.36366814374923706,1860
1482,0.3636193573474884,1701
1483,0.3633543848991394,2106
1484,0.3633129596710205,1209
1485,0.36327964067459106,238
1486,0.36316171288490295,1744
1487,0.36312371492385864,837
1488,0.3630702793598175,1513
1489,0.36297133564949036,1195
1490,0.36286813020706177,678
1491,0.36282235383987427,1379
1492,0.36266735196113586,726
1493,0.36264368891716003,659
1494,0.3626014292240143,1002
1495,0.3625059127807617,1754
1496,0.3622303009033203,1224
1497,0.3621900975704193,573
1498,0.36207690834999084,1051
1499,0.3620727062225342,952
1500,0.361926794052124,1282
1501,0.36186033487319946,347
1502,0.3618449568748474,1154
1503,0.3618425130844116,1256
1504,0.3616762161254883,335
1505,0.3615676760673523,1735
1506,0.36153319478034973,594
1507,0.36140668392181396,1524
1508,0.3612183928489685,1005
1509,0.36116525530815125,1797
1510,0.36099565029144287,1745
1511,0.36064612865448,691
1512,0.36062851548194885,1482
1513,0.36049017310142517,1945
1514,0.36026400327682495,1935
1515,0.3602505922317505,365
1516,0.3601938784122467,122
1517,0.3599759042263031,36
1518,0.35978782176971436,1271
1519,0.35978129506111145,442
1520,0.35969266295433044,1413
1521,0.35969266295433044,1296
1522,0.3596649169921875,1570
1523,0.3595100939273834,207
1524,0.3595096170902252,648
1525,0.35940396785736084,213
1526,0.3593302369117737,1140
1527,0.35928621888160706,439
1528,0.3591056168079376,1493
1529,0.3590047359466553,1644
1530,0.35898226499557495,126
1531,0.3589557707309723,148
1532,0.35891157388687134,147
1533,0.35890182852745056,1233
1534,0.3588831424713135,799
1535,0.358772337436676,1825
1536,0.3586982190608978,1662
1537,0.3585941195487976,637
1538,0.3585141599178314,1839
1539,0.3584882318973541,1166
1540,0.35827699303627014,655
1541,0.35819658637046814,1691
1542,0.3581877052783966,218
1543,0.3579298257827759,2024
1544,0.35788777470588684,1928
1545,0.35767829418182373,1036
1546,0.3576662540435791,1647
1547,0.357666015625,624
1548,0.3575342893600464,524
1549,0.357377290725708,1591
1550,0.35735803842544556,999
1551,0.3573429584503174,473
1552,0.35716670751571655,1259
1553,0.35715267062187195,1504
1554,0.35704562067985535,1753
1555,0.35703614354133606,367
1556,0.3567968010902405,79
1557,0.35678786039352417,1111
1558,0.35673606395721436,1608
1559,0.35671722888946533,908
1560,0.3564068078994751,263
1561,0.35627323389053345,117
1562,0.3562449812889099,472
1563,0.3561353385448456,897
1564,0.35595303773880005,2068
1565,0.35592591762542725,1240
1566,0.3550495505332947,1384
1567,0.35490813851356506,505
1568,0.35477274656295776,491
1569,0.35464906692504883,2077
1570,0.3546299636363983,2036
1571,0.35450008511543274,519
1572,0.3539668321609497,82
1573,0.35392650961875916,1645
1574,0.3535926342010498,1939
1575,0.3534668982028961,2091
1576,0.3532872796058655,296
1577,0.35321420431137085,1823
1578,0.35309866070747375,1490
1579,0.35299402475357056,1262
1580,0.3527449667453766,1267
1581,0.3526410460472107,1850
1582,0.35245105624198914,1694
1583,0.35239794850349426,976
1584,0.3522711396217346,47
1585,0.3522337079048157,1017
1586,0.3522227704524994,1884
1587,0.35219329595565796,2122
1588,0.3521340489387512,260
1589,0.3520691692829132,1870
1590,0.3520587086677551,468
1591,0.35188716650009155,731
1592,0.3518713712692261,405
1593,0.35185325145721436,1088
1594,0.35179033875465393,250
1595,0.35161101818084717,867
1596,0.3515715003013611,1409
1597,0.3514373004436493,305
1598,0.35141628980636597,657
1599,0.3513523042201996,1784
1600,0.35128241777420044,904
1601,0.3511691093444824,1833
1602,0.35101446509361267,1652
1603,0.35076823830604553,1117
1604,0.3506797254085541,553
1605,0.350673109292984,1159
1606,0.3505612909793854,492
1607,0.3504655361175537,137
1608,0.3504354655742645,53
1609,0.3501848876476288,1660
1610,0.35003662109375,1995
1611,0.3499833047389984,1855
1612,0.34957316517829895,557
1613,0.34951919317245483,709
1614,0.34943506121635437,397
1615,0.3494258522987366,1893
1616,0.34933003783226013,1609
1617,0.34931936860084534,527
1618,0.3492218852043152,1387
1619,0.3491901457309723,544
1620,0.3490641713142395,392
1621,0.3488381803035736,1969
1622,0.3487619459629059,391
1623,0.3486885130405426,956
1624,0.3486661911010742,1455
1625,0.34865787625312805,97
1626,0.34834039211273193,1568
1627,0.3483269214630127,1548
1628,0.348269522190094,1900
1629,0.34807494282722473,1896
1630,0.3480483889579773,1774
1631,0.3480280339717865,1947
1632,0.34790167212486267,903
1633,0.34771549701690674,1796
1634,0.3476647436618805,1982
1635,0.3475532531738281,1911
1636,0.347549706697464,1554
1637,0.3474724292755127,293
1638,0.3474641442298889,1734
1639,0.3474619686603546,1438
1640,0.3473905026912689,1874
1641,0.34720322489738464,188
1642,0.34702882170677185,968
1643,0.34702491760253906,423
1644,0.3469529151916504,80
1645,0.34691891074180603,1684
1646,0.3468904495239258,973
1647,0.3467525243759155,1857
1648,0.3465389907360077,27
1649,0.3464950621128082,2022
1650,0.3464795649051666,1751
1651,0.3464699983596802,1170
1652,0.34625497460365295,1738
1653,0.34617167711257935,1135
1654,0.346011221408844,1623
1655,0.34599757194519043,237
1656,0.3459550142288208,1278
1657,0.3456817865371704,640
1658,0.3456208407878876,130
1659,0.34558603167533875,499
1660,0.34532812237739563,1781
1661,0.34510600566864014,1376
1662,0.3450869917869568,1881
1663,0.3450358211994171,1913
1664,0.3448292016983032,1138
1665,0.34472450613975525,979
1666,0.34467601776123047,1729
1667,0.34460362792015076,1827
1668,0.34459224343299866,1405
1669,0.3444625735282898,1627
1670,0.34445682168006897,2034
1671,0.34440040588378906,525
1672,0.3442992866039276,1432
1673,0.3442367613315582,1077
1674,0.34418773651123047,1885
1675,0.3441723883152008,2016
1676,0.3439582884311676,1175
1677,0.34391170740127563,1700
1678,0.3438906669616699,74
1679,0.3438608944416046,1768
1680,0.34378117322921753,1793
1681,0.3437410295009613,680
1682,0.34357932209968567,1225
1683,0.34345388412475586,1115
1684,0.3434161841869354,2063
1685,0.3429953157901764,777
1686,0.3429429829120636,1837
1687,0.3429392874240875,357
1688,0.3426154553890228,1829
1689,0.34252867102622986,523
1690,0.34211111068725586,99
1691,0.34192362427711487,1414
1692,0.3418870270252228,1428
1693,0.34183448553085327,1497
1694,0.3415678143501282,1721
1695,0.3412742018699646,1252
1696,0.3409242630004883,253
1697,0.34092313051223755,1253
1698,0.34074345231056213,1720
1699,0.3406035602092743,163
1700,0.34051159024238586,1613
1701,0.34044066071510315,1931
1702,0.3402816951274872,556
1703,0.3402727544307709,806
1704,0.34016913175582886,993
1705,0.3399016261100769,1940
1706,0.33960697054862976,1743
1707,0.33956754207611084,2053
1708,0.3393912613391876,1435
1709,0.3393242359161377,1657
1710,0.33924970030784607,1167
1711,0.3392246961593628,1958
1712,0.3392052948474884,329
1713,0.3391280770301819,1599
1714,0.33899179100990295,1875
1715,0.33890607953071594,728
1716,0.33890581130981445,1840
1717,0.33879098296165466,1838
1718,0.33876529335975647,249
1719,0.33860331773757935,704
1720,0.33847591280937195,1298
1721,0.3383271396160126,1062
1722,0.33818939328193665,529
1723,0.338124543428421,1079
1724,0.33781951665878296,1813
1725,0.33780521154403687,106
1726,0.33771929144859314,2035
1727,0.3377116918563843,1083
1728,0.337554007768631,46
1729,0.33748945593833923,1027
1730,0.3374684453010559,945
1731,0.33745554089546204,1674
1732,0.33741310238838196,1334
1733,0.3374084532260895,1809
1734,0.3373251259326935,1820
1735,0.33724886178970337,1984
1736,0.3370811641216278,1769
1737,0.33705538511276245,1275
1738,0.3369353115558624,1385
1739,0.3369194567203522,1586
1740,0.3366257846355438,1922
1741,0.3366251289844513,1990
1742,0.3366178274154663,1087
1743,0.3364163935184479,1258
1744,0.3364151120185852,863
1745,0.3357763886451721,1876
1746,0.33574074506759644,593
1747,0.33561572432518005,585
1748,0.33553335070610046,1486
1749,0.3353216052055359,73
1750,0.3352341055870056,1430
1751,0.334954172372818,1818
1752,0.33439406752586365,1053
1753,0.33437028527259827,1737
1754,0.334193617105484,1544
1755,0.33383888006210327,1574
1756,0.333793580532074,1739
1757,0.3336421549320221,1976
1758,0.33340218663215637,234
1759,0.33332037925720215,60
1760,0.33315613865852356,2003
1761,0.33270788192749023,747
1762,0.33269792795181274,2061
1763,0.3325920104980469,167
1764,0.3325769603252411,1157
1765,0.3325008451938629,1181
1766,0.3323449194431305,1767
1767,0.33204445242881775,403
1768,0.33192509412765503,1625
1769,0.3319057524204254,157
1770,0.3317367732524872,1726
1771,0.3313341438770294,2058
1772,0.3312954306602478,602
1773,0.33128172159194946,727
1774,0.33098891377449036,153
1775,0.3309588134288788,530
1776,0.33073967695236206,1169
1777,0.33069953322410583,1200
1778,0.33060982823371887,953
1779,0.3304808735847473,751
1780,0.33045193552970886,1963
1781,0.3303343951702118,721
1782,0.33031877875328064,712
1783,0.3303142189979553,2013
1784,0.32995834946632385,1056
1785,0.3299456238746643,880
1786,0.32986074686050415,1808
1787,0.32968392968177795,1603
1788,0.32964909076690674,817
1789,0.3296469748020172,1566
1790,0.329611599445343,454
1791,0.32906702160835266,1863
1792,0.3290167450904846,1178
1793,0.32898688316345215,52
1794,0.328418105840683,1419
1795,0.32839512825012207,667
1796,0.3283595144748688,1074
1797,0.32829388976097107,2116
1798,0.32827621698379517,1003
1799,0.32813552021980286,1762
1800,0.327677845954895,485
1801,0.3276529908180237,1361
1802,0.3276011645793915,497
1803,0.3271925151348114,91
1804,0.3271164000034332,1590
1805,0.32695648074150085,776
1806,0.3268633484840393,1161
1807,0.3265014588832855,562
1808,0.3264888525009155,512
1809,0.32639801502227783,1901
1810,0.3262712061405182,301
1811,0.32588285207748413,750
1812,0.3257873058319092,1362
1813,0.3257349133491516,227
1814,0.32566502690315247,1447
1815,0.3255304992198944,1880
1816,0.325442373752594,1788
1817,0.32543617486953735,966
1818,0.32501035928726196,715
1819,0.32484498620033264,1272
1820,0.32476308941841125,1733
1821,0.3247378170490265,706
1822,0.3245433568954468,1683
1823,0.32453814148902893,901
1824,0.324529230594635,584
1825,0.32435622811317444,2120
1826,0.3241592347621918,331
1827,0.3240572512149811,2004
1828,0.3237134516239166,1530
1829,0.32345277070999146,288
1830,0.32339709997177124,1750
1831,0.32330116629600525,1386
1832,0.3231648802757263,1822
1833,0.3231315314769745,1105
1834,0.32308444380760193,1765
1835,0.32296890020370483,1791
1836,0.32296186685562134,417
1837,0.32290953397750854,2083
1838,0.3228892683982849,601
1839,0.3228549063205719,959
1840,0.3227788209915161,1310
1841,0.32270753383636475,382
1842,0.32270175218582153,823
1843,0.32267048954963684,2071
1844,0.3224226236343384,1798
1845,0.322384774684906,28
1846,0.32236185669898987,1807
1847,0.3219223618507385,1844
1848,0.32181358337402344,1752
1849,0.32174551486968994,1673
1850,0.3217107951641083,1758
1851,0.3216441869735718,774
1852,0.3216031491756439,1059
1853,0.321309357881546,474
1854,0.3211122751235962,1229
1855,0.32087501883506775,1770
1856,0.32078731060028076,767
1857,0.3206557035446167,2002
1858,0.3202914595603943,1099
1859,0.32006704807281494,1680
1860,0.31993216276168823,1168
1861,0.3198612928390503,616
1862,0.31981661915779114,1421
1863,0.3197166919708252,636
1864,0.31950315833091736,1800
1865,0.31929516792297363,1892
1866,0.3192692697048187,1028
1867,0.3192211389541626,1985
1868,0.31903526186943054,453
1869,0.3189186155796051,805
1870,0.31887316703796387,1730
1871,0.3186151087284088,923
1872,0.31853795051574707,1962
1873,0.31851401925086975,1266
1874,0.31834304332733154,2123
1875,0.31825727224349976,294
1876,0.31822749972343445,1996
1877,0.3179783225059509,1014
1878,0.31775689125061035,1260
1879,0.3175409436225891,1341
1880,0.3174985647201538,1756
1881,0.31743818521499634,1708
1882,0.317428320646286,1761
1883,0.31742608547210693,1165
1884,0.31740957498550415,1006
1885,0.3172892928123474,1746
1886,0.31722962856292725,2117
1887,0.3168282210826874,2031
1888,0.31620103120803833,559
1889,0.31605830788612366,1742
1890,0.31604042649269104,1264
1891,0.3158785402774811,1778
1892,0.315626323223114,2019
1893,0.31557467579841614,546
1894,0.3155163824558258,1852
1895,0.3152175843715668,1826
1896,0.3151401877403259,1567
1897,0.3148532509803772,531
1898,0.31480494141578674,1373
1899,0.31478598713874817,1288
1900,0.3147682249546051,985
1901,0.3147237002849579,1909
1902,0.31451770663261414,627
1903,0.31450963020324707,514
1904,0.31429049372673035,1895
1905,0.3142140507698059,1759
1906,0.31420037150382996,665
1907,0.3140966296195984,1957
1908,0.313989520072937,633
1909,0.3139655292034149,577
1910,0.3137793242931366,43
1911,0.3137736916542053,1628
1912,0.31377366185188293,983
1913,0.31346967816352844,1779
1914,0.31316789984703064,2012
1915,0.3130222260951996,1411
1916,0.3129844069480896,1811
1917,0.31261369585990906,2025
1918,0.31246960163116455,1073
1919,0.3124328553676605,1912
1920,0.3123263120651245,1716
1921,0.31212612986564636,1873
1922,0.31188729405403137,1439
1923,0.3118346929550171,1068
1924,0.3116152584552765,35
1925,0.3114623427391052,1890
1926,0.3114144802093506,1966
1927,0.311094731092453,1291
1928,0.31106364727020264,660
1929,0.3106329143047333,1905
1930,0.31042101979255676,654
1931,0.3103364109992981,1467
1932,0.31028982996940613,451
1933,0.3102336823940277,1303
1934,0.309596985578537,424
1935,0.30944687128067017,161
1936,0.30942457914352417,907
1937,0.30923643708229065,178
1938,0.30875471234321594,120
1939,0.3086846172809601,279
1940,0.30846545100212097,1174
1941,0.3082837462425232,1483
1942,0.3077261745929718,1101
1943,0.30723217129707336,328
1944,0.307121217250824,1904
1945,0.3070850372314453,1410
1946,0.3069691061973572,297
1947,0.3068775236606598,1760
1948,0.3068142533302307,1914
1949,0.3064941465854645,1891
1950,0.3064417243003845,783
1951,0.3063682019710541,824
1952,0.30603212118148804,1908
1953,0.3055458664894104,395
1954,0.30511894822120667,1847
1955,0.3049400746822357,101
1956,0.3045700490474701,1748
1957,0.30397191643714905,1915
1958,0.3036481440067291,1944
1959,0.30341142416000366,1113
1960,0.30338054895401,1886
1961,0.303342342376709,105
1962,0.30326515436172485,794
1963,0.303113728761673,589
1964,0.30310988426208496,803
1965,0.30300676822662354,918
1966,0.3029974699020386,413
1967,0.30289995670318604,807
1968,0.30283141136169434,61
1969,0.30230653285980225,1263
1970,0.3022756278514862,1883
1971,0.30199936032295227,1082
1972,0.30173611640930176,327
1973,0.30164647102355957,1936
1974,0.30140912532806396,1732
1975,0.3011075556278229,175
1976,0.30041250586509705,1705
1977,0.3001483082771301,1782
1978,0.29963263869285583,265
1979,0.29960501194000244,1814
1980,0.2994098961353302,1189
1981,0.2993151545524597,1856
1982,0.29914525151252747,1370
1983,0.2991216778755188,1186
1984,0.29890376329421997,1994
1985,0.2986430525779724,1831
1986,0.2981324791908264,471
1987,0.2980761229991913,1576
1988,0.29801973700523376,1572
1989,0.2979939877986908,156
1990,0.2978688180446625,2059
1991,0.29780691862106323,509
1992,0.2972666323184967,1457
1993,0.29677459597587585,679
1994,0.29665082693099976,1675
1995,0.2966372072696686,1532
1996,0.29631078243255615,744
1997,0.29593464732170105,906
1998,0.29590335488319397,1888
1999,0.29580435156822205,969
2000,0.2955830991268158,276
2001,0.29541340470314026,1184
2002,0.2953568398952484,1747
2003,0.2953481674194336,1433
2004,0.2950321137905121,1071
2005,0.2945001721382141,1741
2006,0.29444000124931335,300
2007,0.29438385367393494,1722
2008,0.2935800850391388,268
2009,0.29256296157836914,638
2010,0.2922751307487488,845
2011,0.29226967692375183,1918
2012,0.2922556698322296,1810
2013,0.2921592891216278,1067
2014,0.2921513020992279,63
2015,0.29204151034355164,95
2016,0.29142752289772034,661
2017,0.291390597820282,1772
2018,0.2913813889026642,970
2019,0.29133403301239014,1766
2020,0.2913009524345398,1715
2021,0.2907596826553345,1222
2022,0.2899635136127472,2079
2023,0.2898373603820801,828
2024,0.2893466353416443,1594
2025,0.2890966236591339,1795
2026,0.2888070046901703,687
2027,0.28853899240493774,1147
2028,0.28782615065574646,1755
2029,0.28733009099960327,591
2030,0.28721797466278076,926
2031,0.2867089509963989,756
2032,0.2866753935813904,862
2033,0.2864620089530945,1581
2034,0.2860466539859772,1846
2035,0.2858288884162903,1066
2036,0.28563976287841797,1681
2037,0.28551775217056274,1959
2038,0.28527942299842834,1677
2039,0.2852496802806854,1112
2040,0.28444671630859375,1032
2041,0.2838049530982971,1843
2042,0.28224629163742065,422
2043,0.28206324577331543,1536
2044,0.2816067636013031,804
2045,0.28117644786834717,574
2046,0.2804878354072571,1624
2047,0.28019094467163086,1725
2048,0.28018149733543396,1626
2049,0.28018081188201904,739
2050,0.2800954580307007,1764
2051,0.2795332372188568,1749
2052,0.2791995406150818,463
2053,0.2785756289958954,1299
2054,0.2777175307273865,1780
2055,0.2768267095088959,1103
2056,0.2765991687774658,551
2057,0.2763828933238983,399
2058,0.2763761878013611,1133
2059,0.27580341696739197,155
2060,0.2756100594997406,1703
2061,0.2756100594997406,1037
2062,0.2756100594997406,938
2063,0.2756100594997406,936
2064,0.2756100594997406,935
2065,0.2756100594997406,401
2066,0.27482059597969055,1887
2067,0.2744804322719574,1182
2068,0.27440503239631653,1845
2069,0.2738597095012665,1862
2070,0.27329641580581665,462
2071,0.27295124530792236,322
2072,0.2729071080684662,361
2073,0.2725561261177063,1897
2074,0.2725214958190918,165
2075,0.2718891501426697,1314
2076,0.2712293565273285,295
2077,0.27096620202064514,2086
2078,0.2701375186443329,308
2079,0.27001357078552246,916
2080,0.26996785402297974,927
2081,0.269544392824173,1709
2082,0.2688729465007782,364
2083,0.26827743649482727,1274
2084,0.26750436425209045,611
2085,0.2670225203037262,490
2086,0.2670225203037262,233
2087,0.2666099965572357,1489
2088,0.26477816700935364,948
2089,0.2645244598388672,325
2090,0.2644636929035187,1894
2091,0.2634548246860504,967
2092,0.2625158727169037,224
2093,0.26231321692466736,1714
2094,0.2594262659549713,1300
2095,0.25936272740364075,876
2096,0.25826403498649597,1952
2097,0.2577350437641144,1842
2098,0.25769758224487305,1965
2099,0.256796270608902,1903
2100,0.2557871639728546,1948
2101,0.25519314408302307,869
2102,0.2545977830886841,245
2103,0.25257933139801025,1093
2104,0.2522676885128021,1906
2105,0.2518368065357208,116
2106,0.25104817748069763,180
2107,0.2504584491252899,1295
2108,0.24955464899539948,228
2109,0.24902375042438507,312
2110,0.24670682847499847,522
2111,0.24556012451648712,1436
2112,0.24490295350551605,1731
2113,0.24472619593143463,2000
2114,0.24348878860473633,1899
2115,0.2402198165655136,724
2116,0.23986059427261353,1065
2117,0.23510542511940002,377
2118,0.23503316938877106,1095
2119,0.23326346278190613,110
2120,0.2319154143333435,997
2121,0.22935311496257782,31
2122,0.22807778418064117,326
2123,0.22651344537734985,1687
2124,0.2197088897228241,1142
